problemName, vehicleFileID, cutoffTime, problemTypeString, numUAVs, numTrucks, requireTruckAtDepot, requireDriver, Etype, ITER 
20170607T111828707735, 101, 5.000000, mFSTSP Heuristic, 4, -1, True, True, 1, 1 

Objective Function Value: 12957.544713 

Assignments: 
vehicleID, vehicleType, activityType, startTime, startNode, endTime, endNode, Description, Status 
1, Truck, Truck travels with UAV(s) on board, 0.000000, 0, 93.122010, 33, Travel from node 0 to node 33, Traveling 
1, Truck, Truck is stationary with UAV(s) on board, 93.122010, 33, 123.122010, 33, Dropping off package to Customer 33, Making Delivery 
1, Truck, Truck travels with UAV(s) on board, 123.122010, 33, 228.717279, 83, Travel from node 33 to node 83, Traveling 
1, Truck, Truck is stationary with UAV(s) on board, 228.717279, 83, 258.717279, 83, Dropping off package to Customer 83, Making Delivery 
1, Truck, Truck travels with UAV(s) on board, 258.717279, 83, 365.803921, 77, Travel from node 83 to node 77, Traveling 
1, Truck, Truck is stationary with UAV(s) on board, 365.803921, 77, 425.803921, 77, Launching UAV 3, UAV Launch 
1, Truck, Truck is stationary with UAV(s) on board, 425.803921, 77, 485.803921, 77, Launching UAV 2, UAV Launch 
1, Truck, Truck is stationary with UAV(s) on board, 485.803921, 77, 515.803921, 77, Dropping off package to Customer 77, Making Delivery 
1, Truck, Truck travels with UAV(s) on board, 515.803921, 77, 703.971625, 75, Travel from node 77 to node 75, Traveling 
1, Truck, Truck is stationary with UAV(s) on board, 703.971625, 75, 733.971625, 75, Dropping off package to Customer 75, Making Delivery 
1, Truck, Truck is stationary with UAV(s) on board, 733.971625, 75, 763.971625, 75, Retrieving UAV 2, UAV Recovery 
1, Truck, Truck is stationary with UAV(s) on board, 763.971625, 75, 793.971625, 75, Retrieving UAV 3, UAV Recovery 
1, Truck, Truck travels with UAV(s) on board, 793.971625, 75, 915.575601, 71, Travel from node 75 to node 71, Traveling 
1, Truck, Truck is stationary with UAV(s) on board, 915.575601, 71, 945.575601, 71, Dropping off package to Customer 71, Making Delivery 
1, Truck, Truck travels with UAV(s) on board, 945.575601, 71, 1076.185539, 82, Travel from node 71 to node 82, Traveling 
1, Truck, Truck is stationary with UAV(s) on board, 1076.185539, 82, 1106.185539, 82, Dropping off package to Customer 82, Making Delivery 
1, Truck, Truck travels with UAV(s) on board, 1106.185539, 82, 1197.727211, 87, Travel from node 82 to node 87, Traveling 
1, Truck, Truck is stationary with UAV(s) on board, 1197.727211, 87, 1227.727211, 87, Dropping off package to Customer 87, Making Delivery 
1, Truck, Truck travels with UAV(s) on board, 1227.727211, 87, 1283.278935, 39, Travel from node 87 to node 39, Traveling 
1, Truck, Truck is stationary with UAV(s) on board, 1283.278935, 39, 1313.278935, 39, Dropping off package to Customer 39, Making Delivery 
1, Truck, Truck travels with UAV(s) on board, 1313.278935, 39, 1366.835265, 21, Travel from node 39 to node 21, Traveling 
1, Truck, Truck is stationary with UAV(s) on board, 1366.835265, 21, 1426.835265, 21, Launching UAV 3, UAV Launch 
1, Truck, Truck is stationary with UAV(s) on board, 1426.835265, 21, 1486.835265, 21, Launching UAV 5, UAV Launch 
1, Truck, Truck is stationary with UAV(s) on board, 1486.835265, 21, 1546.835265, 21, Launching UAV 2, UAV Launch 
1, Truck, Truck is stationary with UAV(s) on board, 1546.835265, 21, 1576.835265, 21, Dropping off package to Customer 21, Making Delivery 
1, Truck, Truck is stationary with UAV(s) on board, 1576.835265, 21, 1636.835265, 21, Launching UAV 4, UAV Launch 
1, Truck, Truck travels with no UAVs on board, 1636.835265, 21, 1769.552629, 16, Travel from node 21 to node 16, Traveling 
1, Truck, Truck is stationary with no UAVs on board, 1769.552629, 16, 1799.552629, 16, Retrieving UAV 3, UAV Recovery 
1, Truck, Truck is stationary with no UAVs on board, 1799.552629, 16, 1829.552629, 16, Retrieving UAV 5, UAV Recovery 
1, Truck, Truck is stationary with no UAVs on board, 1829.552629, 16, 1859.552629, 16, Retrieving UAV 4, UAV Recovery 
1, Truck, Truck is stationary with no UAVs on board, 1859.552629, 16, 1889.552629, 16, Retrieving UAV 2, UAV Recovery 
1, Truck, Truck is stationary with no UAVs on board, 1889.552629, 16, 1919.552629, 16, Dropping off package to Customer 16, Making Delivery 
1, Truck, Truck travels with UAV(s) on board, 1919.552629, 16, 1962.356538, 97, Travel from node 16 to node 97, Traveling 
1, Truck, Truck is stationary with UAV(s) on board, 1962.356538, 97, 2022.356538, 97, Launching UAV 2, UAV Launch 
1, Truck, Truck is stationary with UAV(s) on board, 2022.356538, 97, 2082.356538, 97, Launching UAV 3, UAV Launch 
1, Truck, Truck is stationary with UAV(s) on board, 2082.356538, 97, 2112.356538, 97, Dropping off package to Customer 97, Making Delivery 
1, Truck, Truck travels with UAV(s) on board, 2112.356538, 97, 2284.438378, 42, Travel from node 97 to node 42, Traveling 
1, Truck, Truck is stationary with UAV(s) on board, 2284.438378, 42, 2314.438378, 42, Dropping off package to Customer 42, Making Delivery 
1, Truck, Truck is stationary with UAV(s) on board, 2314.438378, 42, 2344.438378, 42, Retrieving UAV 3, UAV Recovery 
1, Truck, Truck is stationary with UAV(s) on board, 2344.438378, 42, 2374.438378, 42, Retrieving UAV 2, UAV Recovery 
1, Truck, Truck travels with UAV(s) on board, 2374.438378, 42, 2407.499413, 69, Travel from node 42 to node 69, Traveling 
1, Truck, Truck is stationary with UAV(s) on board, 2407.499413, 69, 2437.499413, 69, Dropping off package to Customer 69, Making Delivery 
1, Truck, Truck travels with UAV(s) on board, 2437.499413, 69, 2476.806153, 20, Travel from node 69 to node 20, Traveling 
1, Truck, Truck is stationary with UAV(s) on board, 2476.806153, 20, 2506.806153, 20, Dropping off package to Customer 20, Making Delivery 
1, Truck, Truck travels with UAV(s) on board, 2506.806153, 20, 2800.821471, 50, Travel from node 20 to node 50, Traveling 
1, Truck, Truck is stationary with UAV(s) on board, 2800.821471, 50, 2830.821471, 50, Dropping off package to Customer 50, Making Delivery 
1, Truck, Truck travels with UAV(s) on board, 2830.821471, 50, 3042.898435, 19, Travel from node 50 to node 19, Traveling 
1, Truck, Truck is stationary with UAV(s) on board, 3042.898435, 19, 3072.898435, 19, Dropping off package to Customer 19, Making Delivery 
1, Truck, Truck travels with UAV(s) on board, 3072.898435, 19, 3227.620675, 66, Travel from node 19 to node 66, Traveling 
1, Truck, Truck is stationary with UAV(s) on board, 3227.620675, 66, 3287.620675, 66, Launching UAV 4, UAV Launch 
1, Truck, Truck is stationary with UAV(s) on board, 3287.620675, 66, 3347.620675, 66, Launching UAV 2, UAV Launch 
1, Truck, Truck is stationary with UAV(s) on board, 3347.620675, 66, 3407.620675, 66, Launching UAV 3, UAV Launch 
1, Truck, Truck is stationary with UAV(s) on board, 3407.620675, 66, 3437.620675, 66, Dropping off package to Customer 66, Making Delivery 
1, Truck, Truck travels with UAV(s) on board, 3437.620675, 66, 3756.664450, 79, Travel from node 66 to node 79, Traveling 
1, Truck, Truck is stationary with UAV(s) on board, 3756.664450, 79, 3786.664450, 79, Dropping off package to Customer 79, Making Delivery 
1, Truck, Truck is stationary with UAV(s) on board, 3786.664450, 79, 3816.664450, 79, Retrieving UAV 2, UAV Recovery 
1, Truck, Truck is stationary with UAV(s) on board, 3816.664450, 79, 3846.664450, 79, Retrieving UAV 4, UAV Recovery 
1, Truck, Truck is stationary with UAV(s) on board, 3846.664450, 79, 3906.664450, 79, Launching UAV 2, UAV Launch 
1, Truck, Truck is stationary with UAV(s) on board, 3906.664450, 79, 3936.664450, 79, Retrieving UAV 3, UAV Recovery 
1, Truck, Truck is stationary with UAV(s) on board, 3936.664450, 79, 3996.664450, 79, Launching UAV 5, UAV Launch 
1, Truck, Truck is stationary with UAV(s) on board, 3996.664450, 79, 4056.664450, 79, Launching UAV 3, UAV Launch 
1, Truck, Truck is stationary with UAV(s) on board, 4056.664450, 79, 4116.664450, 79, Launching UAV 4, UAV Launch 
1, Truck, Truck travels with no UAVs on board, 4116.664450, 79, 4351.141161, 95, Travel from node 79 to node 95, Traveling 
1, Truck, Truck is stationary with no UAVs on board, 4351.141161, 95, 4381.141161, 95, Retrieving UAV 3, UAV Recovery 
1, Truck, Truck is stationary with no UAVs on board, 4381.141161, 95, 4411.141161, 95, Retrieving UAV 5, UAV Recovery 
1, Truck, Truck is stationary with no UAVs on board, 4411.141161, 95, 4441.141161, 95, Retrieving UAV 2, UAV Recovery 
1, Truck, Truck is stationary with no UAVs on board, 4441.141161, 95, 4471.141161, 95, Dropping off package to Customer 95, Making Delivery 
1, Truck, Truck is stationary with no UAVs on board, 4471.141161, 95, 4501.141161, 95, Retrieving UAV 4, UAV Recovery 
1, Truck, Truck travels with UAV(s) on board, 4501.141161, 95, 5241.177561, 73, Travel from node 95 to node 73, Traveling 
1, Truck, Truck is stationary with UAV(s) on board, 5241.177561, 73, 5301.177561, 73, Launching UAV 4, UAV Launch 
1, Truck, Truck is stationary with UAV(s) on board, 5301.177561, 73, 5361.177561, 73, Launching UAV 3, UAV Launch 
1, Truck, Truck is stationary with UAV(s) on board, 5361.177561, 73, 5421.177561, 73, Launching UAV 2, UAV Launch 
1, Truck, Truck is stationary with UAV(s) on board, 5421.177561, 73, 5451.177561, 73, Dropping off package to Customer 73, Making Delivery 
1, Truck, Truck travels with UAV(s) on board, 5451.177561, 73, 5787.351034, 76, Travel from node 73 to node 76, Traveling 
1, Truck, Truck is stationary with UAV(s) on board, 5787.351034, 76, 5817.351034, 76, Retrieving UAV 3, UAV Recovery 
1, Truck, Truck is stationary with UAV(s) on board, 5817.351034, 76, 5847.351034, 76, Retrieving UAV 2, UAV Recovery 
1, Truck, Truck is stationary with UAV(s) on board, 5847.351034, 76, 5907.351034, 76, Launching UAV 2, UAV Launch 
1, Truck, Truck is stationary with UAV(s) on board, 5907.351034, 76, 5937.351034, 76, Dropping off package to Customer 76, Making Delivery 
1, Truck, Truck is stationary with UAV(s) on board, 5937.351034, 76, 5967.351034, 76, Retrieving UAV 4, UAV Recovery 
1, Truck, Truck travels with UAV(s) on board, 5967.351034, 76, 6180.345150, 51, Travel from node 76 to node 51, Traveling 
1, Truck, Truck is stationary with UAV(s) on board, 6180.345150, 51, 6210.345150, 51, Retrieving UAV 2, UAV Recovery 
1, Truck, Truck is stationary with UAV(s) on board, 6210.345150, 51, 6240.345150, 51, Dropping off package to Customer 51, Making Delivery 
1, Truck, Truck travels with UAV(s) on board, 6240.345150, 51, 6261.352454, 81, Travel from node 51 to node 81, Traveling 
1, Truck, Truck is stationary with UAV(s) on board, 6261.352454, 81, 6291.352454, 81, Dropping off package to Customer 81, Making Delivery 
1, Truck, Truck is stationary with UAV(s) on board, 6291.352454, 81, 6351.352454, 81, Launching UAV 3, UAV Launch 
1, Truck, Truck is stationary with UAV(s) on board, 6351.352454, 81, 6411.352454, 81, Launching UAV 2, UAV Launch 
1, Truck, Truck is stationary with UAV(s) on board, 6411.352454, 81, 6471.352454, 81, Launching UAV 4, UAV Launch 
1, Truck, Truck travels with UAV(s) on board, 6471.352454, 81, 6643.149357, 99, Travel from node 81 to node 99, Traveling 
1, Truck, Truck is stationary with UAV(s) on board, 6643.149357, 99, 6673.149357, 99, Retrieving UAV 3, UAV Recovery 
1, Truck, Truck is stationary with UAV(s) on board, 6673.149357, 99, 6703.149357, 99, Retrieving UAV 2, UAV Recovery 
1, Truck, Truck is stationary with UAV(s) on board, 6703.149357, 99, 6733.149357, 99, Retrieving UAV 4, UAV Recovery 
1, Truck, Truck is stationary with UAV(s) on board, 6733.149357, 99, 6793.149357, 99, Launching UAV 2, UAV Launch 
1, Truck, Truck is stationary with UAV(s) on board, 6793.149357, 99, 6823.149357, 99, Dropping off package to Customer 99, Making Delivery 
1, Truck, Truck travels with UAV(s) on board, 6823.149357, 99, 6979.386809, 6, Travel from node 99 to node 6, Traveling 
1, Truck, Truck is stationary with UAV(s) on board, 6979.386809, 6, 7009.386809, 6, Retrieving UAV 2, UAV Recovery 
1, Truck, Truck is stationary with UAV(s) on board, 7009.386809, 6, 7069.386809, 6, Launching UAV 2, UAV Launch 
1, Truck, Truck is stationary with UAV(s) on board, 7069.386809, 6, 7129.386809, 6, Launching UAV 3, UAV Launch 
1, Truck, Truck is stationary with UAV(s) on board, 7129.386809, 6, 7159.386809, 6, Dropping off package to Customer 6, Making Delivery 
1, Truck, Truck is stationary with UAV(s) on board, 7159.386809, 6, 7219.386809, 6, Launching UAV 5, UAV Launch 
1, Truck, Truck is stationary with UAV(s) on board, 7219.386809, 6, 7279.386809, 6, Launching UAV 4, UAV Launch 
1, Truck, Truck travels with no UAVs on board, 7279.386809, 6, 7428.972940, 74, Travel from node 6 to node 74, Traveling 
1, Truck, Truck is stationary with no UAVs on board, 7428.972940, 74, 7458.972940, 74, Retrieving UAV 3, UAV Recovery 
1, Truck, Truck is stationary with no UAVs on board, 7458.972940, 74, 7488.972940, 74, Retrieving UAV 2, UAV Recovery 
1, Truck, Truck is stationary with no UAVs on board, 7488.972940, 74, 7548.972940, 74, Launching UAV 2, UAV Launch 
1, Truck, Truck is stationary with no UAVs on board, 7548.972940, 74, 7608.972940, 74, Launching UAV 3, UAV Launch 
1, Truck, Truck is stationary with no UAVs on board, 7608.972940, 74, 7638.972940, 74, Retrieving UAV 4, UAV Recovery 
1, Truck, Truck is stationary with no UAVs on board, 7638.972940, 74, 7698.972940, 74, Launching UAV 4, UAV Launch 
1, Truck, Truck is stationary with no UAVs on board, 7698.972940, 74, 7728.972940, 74, Retrieving UAV 5, UAV Recovery 
1, Truck, Truck is stationary with no UAVs on board, 7728.972940, 74, 7758.972940, 74, Dropping off package to Customer 74, Making Delivery 
1, Truck, Truck travels with UAV(s) on board, 7758.972940, 74, 7861.880059, 94, Travel from node 74 to node 94, Traveling 
1, Truck, Truck is stationary with UAV(s) on board, 7861.880059, 94, 7887.473701, 94, Idle for  26 seconds, Idle 
1, Truck, Truck is stationary with UAV(s) on board, 7887.473701, 94, 7917.473701, 94, Dropping off package to Customer 94, Making Delivery 
1, Truck, Truck is stationary with UAV(s) on board, 7917.473701, 94, 7947.473701, 94, Retrieving UAV 4, UAV Recovery 
1, Truck, Truck is stationary with UAV(s) on board, 7947.473701, 94, 7977.473701, 94, Retrieving UAV 2, UAV Recovery 
1, Truck, Truck is stationary with UAV(s) on board, 7977.473701, 94, 7980.002331, 94, Idle for   3 seconds, Idle 
1, Truck, Truck is stationary with UAV(s) on board, 7980.002331, 94, 8010.002331, 94, Retrieving UAV 3, UAV Recovery 
1, Truck, Truck travels with UAV(s) on board, 8010.002331, 94, 8066.762290, 25, Travel from node 94 to node 25, Traveling 
1, Truck, Truck is stationary with UAV(s) on board, 8066.762290, 25, 8126.762290, 25, Launching UAV 4, UAV Launch 
1, Truck, Truck is stationary with UAV(s) on board, 8126.762290, 25, 8186.762290, 25, Launching UAV 2, UAV Launch 
1, Truck, Truck is stationary with UAV(s) on board, 8186.762290, 25, 8216.762290, 25, Dropping off package to Customer 25, Making Delivery 
1, Truck, Truck is stationary with UAV(s) on board, 8216.762290, 25, 8276.762290, 25, Launching UAV 5, UAV Launch 
1, Truck, Truck is stationary with UAV(s) on board, 8276.762290, 25, 8336.762290, 25, Launching UAV 3, UAV Launch 
1, Truck, Truck travels with no UAVs on board, 8336.762290, 25, 8749.702790, 90, Travel from node 25 to node 90, Traveling 
1, Truck, Truck is stationary with no UAVs on board, 8749.702790, 90, 8779.702790, 90, Retrieving UAV 2, UAV Recovery 
1, Truck, Truck is stationary with no UAVs on board, 8779.702790, 90, 8809.702790, 90, Retrieving UAV 5, UAV Recovery 
1, Truck, Truck is stationary with no UAVs on board, 8809.702790, 90, 8869.702790, 90, Launching UAV 2, UAV Launch 
1, Truck, Truck is stationary with no UAVs on board, 8869.702790, 90, 8899.702790, 90, Retrieving UAV 3, UAV Recovery 
1, Truck, Truck is stationary with no UAVs on board, 8899.702790, 90, 8929.702790, 90, Dropping off package to Customer 90, Making Delivery 
1, Truck, Truck is stationary with no UAVs on board, 8929.702790, 90, 8959.702790, 90, Retrieving UAV 4, UAV Recovery 
1, Truck, Truck travels with UAV(s) on board, 8959.702790, 90, 9005.637284, 35, Travel from node 90 to node 35, Traveling 
1, Truck, Truck is stationary with UAV(s) on board, 9005.637284, 35, 9035.637284, 35, Retrieving UAV 2, UAV Recovery 
1, Truck, Truck is stationary with UAV(s) on board, 9035.637284, 35, 9095.637284, 35, Launching UAV 2, UAV Launch 
1, Truck, Truck is stationary with UAV(s) on board, 9095.637284, 35, 9125.637284, 35, Dropping off package to Customer 35, Making Delivery 
1, Truck, Truck is stationary with UAV(s) on board, 9125.637284, 35, 9185.637284, 35, Launching UAV 3, UAV Launch 
1, Truck, Truck is stationary with UAV(s) on board, 9185.637284, 35, 9245.637284, 35, Launching UAV 5, UAV Launch 
1, Truck, Truck is stationary with UAV(s) on board, 9245.637284, 35, 9305.637284, 35, Launching UAV 4, UAV Launch 
1, Truck, Truck travels with no UAVs on board, 9305.637284, 35, 9414.030792, 93, Travel from node 35 to node 93, Traveling 
1, Truck, Truck is stationary with no UAVs on board, 9414.030792, 93, 9444.030792, 93, Retrieving UAV 3, UAV Recovery 
1, Truck, Truck is stationary with no UAVs on board, 9444.030792, 93, 9474.030792, 93, Dropping off package to Customer 93, Making Delivery 
1, Truck, Truck is stationary with no UAVs on board, 9474.030792, 93, 9504.030792, 93, Retrieving UAV 2, UAV Recovery 
1, Truck, Truck is stationary with no UAVs on board, 9504.030792, 93, 9564.030792, 93, Launching UAV 2, UAV Launch 
1, Truck, Truck is stationary with no UAVs on board, 9564.030792, 93, 9624.030792, 93, Launching UAV 3, UAV Launch 
1, Truck, Truck is stationary with no UAVs on board, 9624.030792, 93, 9633.739648, 93, Idle for  10 seconds, Idle 
1, Truck, Truck is stationary with no UAVs on board, 9633.739648, 93, 9663.739648, 93, Retrieving UAV 5, UAV Recovery 
1, Truck, Truck is stationary with no UAVs on board, 9663.739648, 93, 9693.739648, 93, Retrieving UAV 4, UAV Recovery 
1, Truck, Truck travels with UAV(s) on board, 9693.739648, 93, 9720.797331, 22, Travel from node 93 to node 22, Traveling 
1, Truck, Truck is stationary with UAV(s) on board, 9720.797331, 22, 9780.797331, 22, Launching UAV 5, UAV Launch 
1, Truck, Truck is stationary with UAV(s) on board, 9780.797331, 22, 9840.797331, 22, Launching UAV 4, UAV Launch 
1, Truck, Truck is stationary with UAV(s) on board, 9840.797331, 22, 9870.797331, 22, Retrieving UAV 3, UAV Recovery 
1, Truck, Truck is stationary with UAV(s) on board, 9870.797331, 22, 9900.797331, 22, Dropping off package to Customer 22, Making Delivery 
1, Truck, Truck is stationary with UAV(s) on board, 9900.797331, 22, 9960.797331, 22, Launching UAV 3, UAV Launch 
1, Truck, Truck is stationary with UAV(s) on board, 9960.797331, 22, 9990.797331, 22, Retrieving UAV 2, UAV Recovery 
1, Truck, Truck is stationary with UAV(s) on board, 9990.797331, 22, 10050.797331, 22, Launching UAV 2, UAV Launch 
1, Truck, Truck travels with no UAVs on board, 10050.797331, 22, 10203.751047, 61, Travel from node 22 to node 61, Traveling 
1, Truck, Truck is stationary with no UAVs on board, 10203.751047, 61, 10233.751047, 61, Retrieving UAV 5, UAV Recovery 
1, Truck, Truck is stationary with no UAVs on board, 10233.751047, 61, 10293.751047, 61, Launching UAV 5, UAV Launch 
1, Truck, Truck is stationary with no UAVs on board, 10293.751047, 61, 10323.751047, 61, Retrieving UAV 4, UAV Recovery 
1, Truck, Truck is stationary with no UAVs on board, 10323.751047, 61, 10353.751047, 61, Retrieving UAV 3, UAV Recovery 
1, Truck, Truck is stationary with no UAVs on board, 10353.751047, 61, 10413.751047, 61, Launching UAV 4, UAV Launch 
1, Truck, Truck is stationary with no UAVs on board, 10413.751047, 61, 10443.751047, 61, Dropping off package to Customer 61, Making Delivery 
1, Truck, Truck is stationary with no UAVs on board, 10443.751047, 61, 10473.751047, 61, Retrieving UAV 2, UAV Recovery 
1, Truck, Truck is stationary with no UAVs on board, 10473.751047, 61, 10533.751047, 61, Launching UAV 2, UAV Launch 
1, Truck, Truck is stationary with no UAVs on board, 10533.751047, 61, 10593.751047, 61, Launching UAV 3, UAV Launch 
1, Truck, Truck travels with no UAVs on board, 10593.751047, 61, 10730.205578, 27, Travel from node 61 to node 27, Traveling 
1, Truck, Truck is stationary with no UAVs on board, 10730.205578, 27, 10760.205578, 27, Retrieving UAV 5, UAV Recovery 
1, Truck, Truck is stationary with no UAVs on board, 10760.205578, 27, 10790.205578, 27, Retrieving UAV 4, UAV Recovery 
1, Truck, Truck is stationary with no UAVs on board, 10790.205578, 27, 10850.205578, 27, Launching UAV 4, UAV Launch 
1, Truck, Truck is stationary with no UAVs on board, 10850.205578, 27, 10910.205578, 27, Launching UAV 5, UAV Launch 
1, Truck, Truck is stationary with no UAVs on board, 10910.205578, 27, 10940.205578, 27, Retrieving UAV 2, UAV Recovery 
1, Truck, Truck is stationary with no UAVs on board, 10940.205578, 27, 11000.205578, 27, Launching UAV 2, UAV Launch 
1, Truck, Truck is stationary with no UAVs on board, 11000.205578, 27, 11030.205578, 27, Dropping off package to Customer 27, Making Delivery 
1, Truck, Truck is stationary with no UAVs on board, 11030.205578, 27, 11031.419735, 27, Idle for   1 seconds, Idle 
1, Truck, Truck is stationary with no UAVs on board, 11031.419735, 27, 11061.419735, 27, Retrieving UAV 3, UAV Recovery 
1, Truck, Truck is stationary with no UAVs on board, 11061.419735, 27, 11121.419735, 27, Launching UAV 3, UAV Launch 
1, Truck, Truck travels with no UAVs on board, 11121.419735, 27, 11355.455742, 65, Travel from node 27 to node 65, Traveling 
1, Truck, Truck is stationary with no UAVs on board, 11355.455742, 65, 11385.455742, 65, Dropping off package to Customer 65, Making Delivery 
1, Truck, Truck is stationary with no UAVs on board, 11385.455742, 65, 11415.455742, 65, Retrieving UAV 2, UAV Recovery 
1, Truck, Truck is stationary with no UAVs on board, 11415.455742, 65, 11475.455742, 65, Launching UAV 2, UAV Launch 
1, Truck, Truck is stationary with no UAVs on board, 11475.455742, 65, 11505.455742, 65, Retrieving UAV 5, UAV Recovery 
1, Truck, Truck is stationary with no UAVs on board, 11505.455742, 65, 11535.455742, 65, Retrieving UAV 4, UAV Recovery 
1, Truck, Truck is stationary with no UAVs on board, 11535.455742, 65, 11565.455742, 65, Retrieving UAV 3, UAV Recovery 
1, Truck, Truck travels with UAV(s) on board, 11565.455742, 65, 11611.397577, 34, Travel from node 65 to node 34, Traveling 
1, Truck, Truck is stationary with UAV(s) on board, 11611.397577, 34, 11641.397577, 34, Dropping off package to Customer 34, Making Delivery 
1, Truck, Truck is stationary with UAV(s) on board, 11641.397577, 34, 11671.397577, 34, Retrieving UAV 2, UAV Recovery 
1, Truck, Truck travels with UAV(s) on board, 11671.397577, 34, 11698.932047, 11, Travel from node 34 to node 11, Traveling 
1, Truck, Truck is stationary with UAV(s) on board, 11698.932047, 11, 11728.932047, 11, Dropping off package to Customer 11, Making Delivery 
1, Truck, Truck is stationary with UAV(s) on board, 11728.932047, 11, 11788.932047, 11, Launching UAV 4, UAV Launch 
1, Truck, Truck is stationary with UAV(s) on board, 11788.932047, 11, 11848.932047, 11, Launching UAV 3, UAV Launch 
1, Truck, Truck is stationary with UAV(s) on board, 11848.932047, 11, 11908.932047, 11, Launching UAV 2, UAV Launch 
1, Truck, Truck is stationary with UAV(s) on board, 11908.932047, 11, 11968.932047, 11, Launching UAV 5, UAV Launch 
1, Truck, Truck travels with no UAVs on board, 11968.932047, 11, 12082.345927, 17, Travel from node 11 to node 17, Traveling 
1, Truck, Truck is stationary with no UAVs on board, 12082.345927, 17, 12112.345927, 17, Dropping off package to Customer 17, Making Delivery 
1, Truck, Truck is stationary with no UAVs on board, 12112.345927, 17, 12112.977252, 17, Idle for   1 seconds, Idle 
1, Truck, Truck is stationary with no UAVs on board, 12112.977252, 17, 12142.977252, 17, Retrieving UAV 3, UAV Recovery 
1, Truck, Truck is stationary with no UAVs on board, 12142.977252, 17, 12172.977252, 17, Retrieving UAV 5, UAV Recovery 
1, Truck, Truck is stationary with no UAVs on board, 12172.977252, 17, 12202.977252, 17, Retrieving UAV 4, UAV Recovery 
1, Truck, Truck is stationary with no UAVs on board, 12202.977252, 17, 12262.977252, 17, Launching UAV 5, UAV Launch 
1, Truck, Truck is stationary with no UAVs on board, 12262.977252, 17, 12322.977252, 17, Launching UAV 3, UAV Launch 
1, Truck, Truck is stationary with no UAVs on board, 12322.977252, 17, 12352.977252, 17, Retrieving UAV 2, UAV Recovery 
1, Truck, Truck is stationary with no UAVs on board, 12352.977252, 17, 12412.977252, 17, Launching UAV 4, UAV Launch 
1, Truck, Truck is stationary with no UAVs on board, 12412.977252, 17, 12472.977252, 17, Launching UAV 2, UAV Launch 
1, Truck, Truck travels with no UAVs on board, 12472.977252, 17, 12837.544713, 101, Travel from node 17 to node 101, Traveling 
1, Truck, Truck is stationary with no UAVs on board, 12837.544713, 101, 12867.544713, 101, Retrieving UAV 3, UAV Recovery 
1, Truck, Truck is stationary with no UAVs on board, 12867.544713, 101, 12897.544713, 101, Retrieving UAV 2, UAV Recovery 
1, Truck, Truck is stationary with no UAVs on board, 12897.544713, 101, 12927.544713, 101, Retrieving UAV 4, UAV Recovery 
1, Truck, Truck is stationary with no UAVs on board, 12927.544713, 101, 12957.544713, 101, Retrieving UAV 5, UAV Recovery 
1, Truck, Truck is stationary with no UAVs on board, 12957.544713, 101, -1.000000, 101, At the Depot.  Total Time = 3:35:57, Vehicle Tasks Complete 
2, UAV, UAV is stationary with a parcel, 425.803921, 77, 485.803921, 77, Prepare to launch from truck, UAV Launch 
2, UAV, UAV taking off or landing with a parcel, 485.803921, 77, 489.499544, 77, Takeoff from truck at Customer 77, Traveling 
2, UAV, UAV travels with parcel, 489.499544, 77, 572.465832, 12, Fly to UAV customer 12, Traveling 
2, UAV, UAV taking off or landing with a parcel, 572.465832, 12, 578.857078, 12, Land at UAV customer 12, Traveling 
2, UAV, UAV is stationary with a parcel, 578.857078, 12, 638.857078, 12, Serving UAV customer 12, Making Delivery 
2, UAV, UAV taking off or landing with no parcels, 638.857078, 12, 642.552702, 12, Takeoff from UAV customer 12, Traveling 
2, UAV, UAV travels empty, 642.552702, 12, 699.216974, 75, Fly to truck at customer 75, Traveling 
2, UAV, UAV is stationary without a parcel, 699.216974, 75, 727.580378, 75, Idle above rendezvous location (customer 75), Idle 
2, UAV, UAV taking off or landing with no parcels, 727.580378, 75, 733.971625, 75, Land at truck rendezvous location (customer 75), Traveling 
2, UAV, UAV is stationary without a parcel, 733.971625, 75, 763.971625, 75, Recovered by truck at customer 75, UAV Recovery 
2, UAV, UAV is stationary with a parcel, 1486.835265, 21, 1546.835265, 21, Prepare to launch from truck, UAV Launch 
2, UAV, UAV taking off or landing with a parcel, 1546.835265, 21, 1550.530888, 21, Takeoff from truck at Customer 21, Traveling 
2, UAV, UAV travels with parcel, 1550.530888, 21, 1616.622699, 23, Fly to UAV customer 23, Traveling 
2, UAV, UAV taking off or landing with a parcel, 1616.622699, 23, 1623.013945, 23, Land at UAV customer 23, Traveling 
2, UAV, UAV is stationary with a parcel, 1623.013945, 23, 1683.013945, 23, Serving UAV customer 23, Making Delivery 
2, UAV, UAV taking off or landing with no parcels, 1683.013945, 23, 1686.709568, 23, Takeoff from UAV customer 23, Traveling 
2, UAV, UAV travels empty, 1686.709568, 23, 1778.475359, 16, Fly to truck at customer 16, Traveling 
2, UAV, UAV is stationary without a parcel, 1778.475359, 16, 1853.161382, 16, Idle above rendezvous location (customer 16), Idle 
2, UAV, UAV taking off or landing with no parcels, 1853.161382, 16, 1859.552629, 16, Land at truck rendezvous location (customer 16), Traveling 
2, UAV, UAV is stationary without a parcel, 1859.552629, 16, 1889.552629, 16, Recovered by truck at customer 16, UAV Recovery 
2, UAV, UAV is stationary with a parcel, 1962.356538, 97, 2022.356538, 97, Prepare to launch from truck, UAV Launch 
2, UAV, UAV taking off or landing with a parcel, 2022.356538, 97, 2026.052161, 97, Takeoff from truck at Customer 97, Traveling 
2, UAV, UAV travels with parcel, 2026.052161, 97, 2067.539976, 37, Fly to UAV customer 37, Traveling 
2, UAV, UAV taking off or landing with a parcel, 2067.539976, 37, 2073.931222, 37, Land at UAV customer 37, Traveling 
2, UAV, UAV is stationary with a parcel, 2073.931222, 37, 2133.931222, 37, Serving UAV customer 37, Making Delivery 
2, UAV, UAV taking off or landing with no parcels, 2133.931222, 37, 2137.626845, 37, Takeoff from UAV customer 37, Traveling 
2, UAV, UAV travels empty, 2137.626845, 37, 2212.604339, 42, Fly to truck at customer 42, Traveling 
2, UAV, UAV is stationary without a parcel, 2212.604339, 42, 2338.047131, 42, Idle above rendezvous location (customer 42), Idle 
2, UAV, UAV taking off or landing with no parcels, 2338.047131, 42, 2344.438378, 42, Land at truck rendezvous location (customer 42), Traveling 
2, UAV, UAV is stationary without a parcel, 2344.438378, 42, 2374.438378, 42, Recovered by truck at customer 42, UAV Recovery 
2, UAV, UAV is stationary with a parcel, 3287.620675, 66, 3347.620675, 66, Prepare to launch from truck, UAV Launch 
2, UAV, UAV taking off or landing with a parcel, 3347.620675, 66, 3351.316298, 66, Takeoff from truck at Customer 66, Traveling 
2, UAV, UAV travels with parcel, 3351.316298, 66, 3570.312866, 98, Fly to UAV customer 98, Traveling 
2, UAV, UAV taking off or landing with a parcel, 3570.312866, 98, 3576.704113, 98, Land at UAV customer 98, Traveling 
2, UAV, UAV is stationary with a parcel, 3576.704113, 98, 3636.704113, 98, Serving UAV customer 98, Making Delivery 
2, UAV, UAV taking off or landing with no parcels, 3636.704113, 98, 3640.399736, 98, Takeoff from UAV customer 98, Traveling 
2, UAV, UAV travels empty, 3640.399736, 98, 3680.527261, 79, Fly to truck at customer 79, Traveling 
2, UAV, UAV is stationary without a parcel, 3680.527261, 79, 3780.273203, 79, Idle above rendezvous location (customer 79), Idle 
2, UAV, UAV taking off or landing with no parcels, 3780.273203, 79, 3786.664450, 79, Land at truck rendezvous location (customer 79), Traveling 
2, UAV, UAV is stationary without a parcel, 3786.664450, 79, 3816.664450, 79, Recovered by truck at customer 79, UAV Recovery 
2, UAV, UAV is stationary with a parcel, 3846.664450, 79, 3906.664450, 79, Prepare to launch from truck, UAV Launch 
2, UAV, UAV taking off or landing with a parcel, 3906.664450, 79, 3910.360073, 79, Takeoff from truck at Customer 79, Traveling 
2, UAV, UAV travels with parcel, 3910.360073, 79, 4067.152236, 4, Fly to UAV customer 4, Traveling 
2, UAV, UAV taking off or landing with a parcel, 4067.152236, 4, 4073.543483, 4, Land at UAV customer 4, Traveling 
2, UAV, UAV is stationary with a parcel, 4073.543483, 4, 4133.543483, 4, Serving UAV customer 4, Making Delivery 
2, UAV, UAV taking off or landing with no parcels, 4133.543483, 4, 4137.239106, 4, Takeoff from UAV customer 4, Traveling 
2, UAV, UAV travels empty, 4137.239106, 4, 4193.070852, 95, Fly to truck at customer 95, Traveling 
2, UAV, UAV is stationary without a parcel, 4193.070852, 95, 4404.749914, 95, Idle above rendezvous location (customer 95), Idle 
2, UAV, UAV taking off or landing with no parcels, 4404.749914, 95, 4411.141161, 95, Land at truck rendezvous location (customer 95), Traveling 
2, UAV, UAV is stationary without a parcel, 4411.141161, 95, 4441.141161, 95, Recovered by truck at customer 95, UAV Recovery 
2, UAV, UAV is stationary with a parcel, 5361.177561, 73, 5421.177561, 73, Prepare to launch from truck, UAV Launch 
2, UAV, UAV taking off or landing with a parcel, 5421.177561, 73, 5424.873184, 73, Takeoff from truck at Customer 73, Traveling 
2, UAV, UAV travels with parcel, 5424.873184, 73, 5551.428623, 24, Fly to UAV customer 24, Traveling 
2, UAV, UAV taking off or landing with a parcel, 5551.428623, 24, 5557.819869, 24, Land at UAV customer 24, Traveling 
2, UAV, UAV is stationary with a parcel, 5557.819869, 24, 5617.819869, 24, Serving UAV customer 24, Making Delivery 
2, UAV, UAV taking off or landing with no parcels, 5617.819869, 24, 5621.515493, 24, Takeoff from UAV customer 24, Traveling 
2, UAV, UAV travels empty, 5621.515493, 24, 5800.555122, 76, Fly to truck at customer 76, Traveling 
2, UAV, UAV is stationary without a parcel, 5800.555122, 76, 5810.959787, 76, Idle above rendezvous location (customer 76), Idle 
2, UAV, UAV taking off or landing with no parcels, 5810.959787, 76, 5817.351034, 76, Land at truck rendezvous location (customer 76), Traveling 
2, UAV, UAV is stationary without a parcel, 5817.351034, 76, 5847.351034, 76, Recovered by truck at customer 76, UAV Recovery 
2, UAV, UAV is stationary with a parcel, 5847.351034, 76, 5907.351034, 76, Prepare to launch from truck, UAV Launch 
2, UAV, UAV taking off or landing with a parcel, 5907.351034, 76, 5911.046657, 76, Takeoff from truck at Customer 76, Traveling 
2, UAV, UAV travels with parcel, 5911.046657, 76, 5947.917912, 88, Fly to UAV customer 88, Traveling 
2, UAV, UAV taking off or landing with a parcel, 5947.917912, 88, 5954.309159, 88, Land at UAV customer 88, Traveling 
2, UAV, UAV is stationary with a parcel, 5954.309159, 88, 6014.309159, 88, Serving UAV customer 88, Making Delivery 
2, UAV, UAV taking off or landing with no parcels, 6014.309159, 88, 6018.004782, 88, Takeoff from UAV customer 88, Traveling 
2, UAV, UAV travels empty, 6018.004782, 88, 6096.540998, 51, Fly to truck at customer 51, Traveling 
2, UAV, UAV is stationary without a parcel, 6096.540998, 51, 6173.953903, 51, Idle above rendezvous location (customer 51), Idle 
2, UAV, UAV taking off or landing with no parcels, 6173.953903, 51, 6180.345150, 51, Land at truck rendezvous location (customer 51), Traveling 
2, UAV, UAV is stationary without a parcel, 6180.345150, 51, 6210.345150, 51, Recovered by truck at customer 51, UAV Recovery 
2, UAV, UAV is stationary with a parcel, 6351.352454, 81, 6411.352454, 81, Prepare to launch from truck, UAV Launch 
2, UAV, UAV taking off or landing with a parcel, 6411.352454, 81, 6415.048077, 81, Takeoff from truck at Customer 81, Traveling 
2, UAV, UAV travels with parcel, 6415.048077, 81, 6480.910080, 1, Fly to UAV customer 1, Traveling 
2, UAV, UAV taking off or landing with a parcel, 6480.910080, 1, 6487.301327, 1, Land at UAV customer 1, Traveling 
2, UAV, UAV is stationary with a parcel, 6487.301327, 1, 6547.301327, 1, Serving UAV customer 1, Making Delivery 
2, UAV, UAV taking off or landing with no parcels, 6547.301327, 1, 6550.996950, 1, Takeoff from UAV customer 1, Traveling 
2, UAV, UAV travels empty, 6550.996950, 1, 6584.781415, 99, Fly to truck at customer 99, Traveling 
2, UAV, UAV is stationary without a parcel, 6584.781415, 99, 6666.758110, 99, Idle above rendezvous location (customer 99), Idle 
2, UAV, UAV taking off or landing with no parcels, 6666.758110, 99, 6673.149357, 99, Land at truck rendezvous location (customer 99), Traveling 
2, UAV, UAV is stationary without a parcel, 6673.149357, 99, 6703.149357, 99, Recovered by truck at customer 99, UAV Recovery 
2, UAV, UAV is stationary with a parcel, 6733.149357, 99, 6793.149357, 99, Prepare to launch from truck, UAV Launch 
2, UAV, UAV taking off or landing with a parcel, 6793.149357, 99, 6796.844980, 99, Takeoff from truck at Customer 99, Traveling 
2, UAV, UAV travels with parcel, 6796.844980, 99, 6862.861201, 52, Fly to UAV customer 52, Traveling 
2, UAV, UAV taking off or landing with a parcel, 6862.861201, 52, 6869.252448, 52, Land at UAV customer 52, Traveling 
2, UAV, UAV is stationary with a parcel, 6869.252448, 52, 6929.252448, 52, Serving UAV customer 52, Making Delivery 
2, UAV, UAV taking off or landing with no parcels, 6929.252448, 52, 6932.948071, 52, Takeoff from UAV customer 52, Traveling 
2, UAV, UAV travels empty, 6932.948071, 52, 6971.920711, 6, Fly to truck at customer 6, Traveling 
2, UAV, UAV is stationary without a parcel, 6971.920711, 6, 6972.995562, 6, Idle above rendezvous location (customer 6), Idle 
2, UAV, UAV taking off or landing with no parcels, 6972.995562, 6, 6979.386809, 6, Land at truck rendezvous location (customer 6), Traveling 
2, UAV, UAV is stationary without a parcel, 6979.386809, 6, 7009.386809, 6, Recovered by truck at customer 6, UAV Recovery 
2, UAV, UAV is stationary with a parcel, 7009.386809, 6, 7069.386809, 6, Prepare to launch from truck, UAV Launch 
2, UAV, UAV taking off or landing with a parcel, 7069.386809, 6, 7073.082432, 6, Takeoff from truck at Customer 6, Traveling 
2, UAV, UAV travels with parcel, 7073.082432, 6, 7237.542973, 47, Fly to UAV customer 47, Traveling 
2, UAV, UAV taking off or landing with a parcel, 7237.542973, 47, 7243.934220, 47, Land at UAV customer 47, Traveling 
2, UAV, UAV is stationary with a parcel, 7243.934220, 47, 7303.934220, 47, Serving UAV customer 47, Making Delivery 
2, UAV, UAV taking off or landing with no parcels, 7303.934220, 47, 7307.629843, 47, Takeoff from UAV customer 47, Traveling 
2, UAV, UAV travels empty, 7307.629843, 47, 7426.289716, 74, Fly to truck at customer 74, Traveling 
2, UAV, UAV is stationary without a parcel, 7426.289716, 74, 7452.581693, 74, Idle above rendezvous location (customer 74), Idle 
2, UAV, UAV taking off or landing with no parcels, 7452.581693, 74, 7458.972940, 74, Land at truck rendezvous location (customer 74), Traveling 
2, UAV, UAV is stationary without a parcel, 7458.972940, 74, 7488.972940, 74, Recovered by truck at customer 74, UAV Recovery 
2, UAV, UAV is stationary with a parcel, 7488.972940, 74, 7548.972940, 74, Prepare to launch from truck, UAV Launch 
2, UAV, UAV taking off or landing with a parcel, 7548.972940, 74, 7552.668563, 74, Takeoff from truck at Customer 74, Traveling 
2, UAV, UAV travels with parcel, 7552.668563, 74, 7705.352047, 2, Fly to UAV customer 2, Traveling 
2, UAV, UAV taking off or landing with a parcel, 7705.352047, 2, 7711.743293, 2, Land at UAV customer 2, Traveling 
2, UAV, UAV is stationary with a parcel, 7711.743293, 2, 7771.743293, 2, Serving UAV customer 2, Making Delivery 
2, UAV, UAV taking off or landing with no parcels, 7771.743293, 2, 7775.438916, 2, Takeoff from UAV customer 2, Traveling 
2, UAV, UAV travels empty, 7775.438916, 2, 7929.186329, 94, Fly to truck at customer 94, Traveling 
2, UAV, UAV is stationary without a parcel, 7929.186329, 94, 7941.082455, 94, Idle above rendezvous location (customer 94), Idle 
2, UAV, UAV taking off or landing with no parcels, 7941.082455, 94, 7947.473701, 94, Land at truck rendezvous location (customer 94), Traveling 
2, UAV, UAV is stationary without a parcel, 7947.473701, 94, 7977.473701, 94, Recovered by truck at customer 94, UAV Recovery 
2, UAV, UAV is stationary with a parcel, 8126.762290, 25, 8186.762290, 25, Prepare to launch from truck, UAV Launch 
2, UAV, UAV taking off or landing with a parcel, 8186.762290, 25, 8190.457913, 25, Takeoff from truck at Customer 25, Traveling 
2, UAV, UAV travels with parcel, 8190.457913, 25, 8286.696433, 53, Fly to UAV customer 53, Traveling 
2, UAV, UAV taking off or landing with a parcel, 8286.696433, 53, 8293.087679, 53, Land at UAV customer 53, Traveling 
2, UAV, UAV is stationary with a parcel, 8293.087679, 53, 8353.087679, 53, Serving UAV customer 53, Making Delivery 
2, UAV, UAV taking off or landing with no parcels, 8353.087679, 53, 8356.783303, 53, Takeoff from UAV customer 53, Traveling 
2, UAV, UAV travels empty, 8356.783303, 53, 8517.165708, 90, Fly to truck at customer 90, Traveling 
2, UAV, UAV is stationary without a parcel, 8517.165708, 90, 8743.311543, 90, Idle above rendezvous location (customer 90), Idle 
2, UAV, UAV taking off or landing with no parcels, 8743.311543, 90, 8749.702790, 90, Land at truck rendezvous location (customer 90), Traveling 
2, UAV, UAV is stationary without a parcel, 8749.702790, 90, 8779.702790, 90, Recovered by truck at customer 90, UAV Recovery 
2, UAV, UAV is stationary with a parcel, 8809.702790, 90, 8869.702790, 90, Prepare to launch from truck, UAV Launch 
2, UAV, UAV taking off or landing with a parcel, 8869.702790, 90, 8873.398413, 90, Takeoff from truck at Customer 90, Traveling 
2, UAV, UAV travels with parcel, 8873.398413, 90, 8888.416036, 18, Fly to UAV customer 18, Traveling 
2, UAV, UAV taking off or landing with a parcel, 8888.416036, 18, 8894.807282, 18, Land at UAV customer 18, Traveling 
2, UAV, UAV is stationary with a parcel, 8894.807282, 18, 8954.807282, 18, Serving UAV customer 18, Making Delivery 
2, UAV, UAV taking off or landing with no parcels, 8954.807282, 18, 8958.502906, 18, Takeoff from UAV customer 18, Traveling 
2, UAV, UAV travels empty, 8958.502906, 18, 8972.135161, 35, Fly to truck at customer 35, Traveling 
2, UAV, UAV is stationary without a parcel, 8972.135161, 35, 8999.246037, 35, Idle above rendezvous location (customer 35), Idle 
2, UAV, UAV taking off or landing with no parcels, 8999.246037, 35, 9005.637284, 35, Land at truck rendezvous location (customer 35), Traveling 
2, UAV, UAV is stationary without a parcel, 9005.637284, 35, 9035.637284, 35, Recovered by truck at customer 35, UAV Recovery 
2, UAV, UAV is stationary with a parcel, 9035.637284, 35, 9095.637284, 35, Prepare to launch from truck, UAV Launch 
2, UAV, UAV taking off or landing with a parcel, 9095.637284, 35, 9099.332907, 35, Takeoff from truck at Customer 35, Traveling 
2, UAV, UAV travels with parcel, 9099.332907, 35, 9242.071063, 68, Fly to UAV customer 68, Traveling 
2, UAV, UAV taking off or landing with a parcel, 9242.071063, 68, 9248.462310, 68, Land at UAV customer 68, Traveling 
2, UAV, UAV is stationary with a parcel, 9248.462310, 68, 9308.462310, 68, Serving UAV customer 68, Making Delivery 
2, UAV, UAV taking off or landing with no parcels, 9308.462310, 68, 9312.157933, 68, Takeoff from UAV customer 68, Traveling 
2, UAV, UAV travels empty, 9312.157933, 68, 9447.457029, 93, Fly to truck at customer 93, Traveling 
2, UAV, UAV is stationary without a parcel, 9447.457029, 93, 9467.639545, 93, Idle above rendezvous location (customer 93), Idle 
2, UAV, UAV taking off or landing with no parcels, 9467.639545, 93, 9474.030792, 93, Land at truck rendezvous location (customer 93), Traveling 
2, UAV, UAV is stationary without a parcel, 9474.030792, 93, 9504.030792, 93, Recovered by truck at customer 93, UAV Recovery 
2, UAV, UAV is stationary with a parcel, 9504.030792, 93, 9564.030792, 93, Prepare to launch from truck, UAV Launch 
2, UAV, UAV taking off or landing with a parcel, 9564.030792, 93, 9567.726415, 93, Takeoff from truck at Customer 93, Traveling 
2, UAV, UAV travels with parcel, 9567.726415, 93, 9719.020095, 72, Fly to UAV customer 72, Traveling 
2, UAV, UAV taking off or landing with a parcel, 9719.020095, 72, 9725.411342, 72, Land at UAV customer 72, Traveling 
2, UAV, UAV is stationary with a parcel, 9725.411342, 72, 9785.411342, 72, Serving UAV customer 72, Making Delivery 
2, UAV, UAV taking off or landing with no parcels, 9785.411342, 72, 9789.106965, 72, Takeoff from UAV customer 72, Traveling 
2, UAV, UAV travels empty, 9789.106965, 72, 9945.220556, 22, Fly to truck at customer 22, Traveling 
2, UAV, UAV is stationary without a parcel, 9945.220556, 22, 9954.406085, 22, Idle above rendezvous location (customer 22), Idle 
2, UAV, UAV taking off or landing with no parcels, 9954.406085, 22, 9960.797331, 22, Land at truck rendezvous location (customer 22), Traveling 
2, UAV, UAV is stationary without a parcel, 9960.797331, 22, 9990.797331, 22, Recovered by truck at customer 22, UAV Recovery 
2, UAV, UAV is stationary with a parcel, 9990.797331, 22, 10050.797331, 22, Prepare to launch from truck, UAV Launch 
2, UAV, UAV taking off or landing with a parcel, 10050.797331, 22, 10054.492954, 22, Takeoff from truck at Customer 22, Traveling 
2, UAV, UAV travels with parcel, 10054.492954, 22, 10190.576275, 46, Fly to UAV customer 46, Traveling 
2, UAV, UAV taking off or landing with a parcel, 10190.576275, 46, 10196.967521, 46, Land at UAV customer 46, Traveling 
2, UAV, UAV is stationary with a parcel, 10196.967521, 46, 10256.967521, 46, Serving UAV customer 46, Making Delivery 
2, UAV, UAV taking off or landing with no parcels, 10256.967521, 46, 10260.663145, 46, Takeoff from UAV customer 46, Traveling 
2, UAV, UAV travels empty, 10260.663145, 46, 10423.819886, 61, Fly to truck at customer 61, Traveling 
2, UAV, UAV is stationary without a parcel, 10423.819886, 61, 10437.359801, 61, Idle above rendezvous location (customer 61), Idle 
2, UAV, UAV taking off or landing with no parcels, 10437.359801, 61, 10443.751047, 61, Land at truck rendezvous location (customer 61), Traveling 
2, UAV, UAV is stationary without a parcel, 10443.751047, 61, 10473.751047, 61, Recovered by truck at customer 61, UAV Recovery 
2, UAV, UAV is stationary with a parcel, 10473.751047, 61, 10533.751047, 61, Prepare to launch from truck, UAV Launch 
2, UAV, UAV taking off or landing with a parcel, 10533.751047, 61, 10537.446670, 61, Takeoff from truck at Customer 61, Traveling 
2, UAV, UAV travels with parcel, 10537.446670, 61, 10694.477187, 30, Fly to UAV customer 30, Traveling 
2, UAV, UAV taking off or landing with a parcel, 10694.477187, 30, 10700.868433, 30, Land at UAV customer 30, Traveling 
2, UAV, UAV is stationary with a parcel, 10700.868433, 30, 10760.868433, 30, Serving UAV customer 30, Making Delivery 
2, UAV, UAV taking off or landing with no parcels, 10760.868433, 30, 10764.564057, 30, Takeoff from UAV customer 30, Traveling 
2, UAV, UAV travels empty, 10764.564057, 30, 10903.312440, 27, Fly to truck at customer 27, Traveling 
2, UAV, UAV is stationary without a parcel, 10903.312440, 27, 10903.814332, 27, Idle above rendezvous location (customer 27), Idle 
2, UAV, UAV taking off or landing with no parcels, 10903.814332, 27, 10910.205578, 27, Land at truck rendezvous location (customer 27), Traveling 
2, UAV, UAV is stationary without a parcel, 10910.205578, 27, 10940.205578, 27, Recovered by truck at customer 27, UAV Recovery 
2, UAV, UAV is stationary with a parcel, 10940.205578, 27, 11000.205578, 27, Prepare to launch from truck, UAV Launch 
2, UAV, UAV taking off or landing with a parcel, 11000.205578, 27, 11003.901201, 27, Takeoff from truck at Customer 27, Traveling 
2, UAV, UAV travels with parcel, 11003.901201, 27, 11113.430039, 13, Fly to UAV customer 13, Traveling 
2, UAV, UAV taking off or landing with a parcel, 11113.430039, 13, 11119.821286, 13, Land at UAV customer 13, Traveling 
2, UAV, UAV is stationary with a parcel, 11119.821286, 13, 11179.821286, 13, Serving UAV customer 13, Making Delivery 
2, UAV, UAV taking off or landing with no parcels, 11179.821286, 13, 11183.516909, 13, Takeoff from UAV customer 13, Traveling 
2, UAV, UAV travels empty, 11183.516909, 13, 11379.064496, 65, Fly to truck at customer 65, Traveling 
2, UAV, UAV taking off or landing with no parcels, 11379.064496, 65, 11385.455742, 65, Land at truck rendezvous location (customer 65), Traveling 
2, UAV, UAV is stationary without a parcel, 11385.455742, 65, 11415.455742, 65, Recovered by truck at customer 65, UAV Recovery 
2, UAV, UAV is stationary with a parcel, 11415.455742, 65, 11475.455742, 65, Prepare to launch from truck, UAV Launch 
2, UAV, UAV taking off or landing with a parcel, 11475.455742, 65, 11479.151366, 65, Takeoff from truck at Customer 65, Traveling 
2, UAV, UAV travels with parcel, 11479.151366, 65, 11522.658327, 49, Fly to UAV customer 49, Traveling 
2, UAV, UAV taking off or landing with a parcel, 11522.658327, 49, 11529.049573, 49, Land at UAV customer 49, Traveling 
2, UAV, UAV is stationary with a parcel, 11529.049573, 49, 11589.049573, 49, Serving UAV customer 49, Making Delivery 
2, UAV, UAV taking off or landing with no parcels, 11589.049573, 49, 11592.745197, 49, Takeoff from UAV customer 49, Traveling 
2, UAV, UAV travels empty, 11592.745197, 49, 11634.649621, 34, Fly to truck at customer 34, Traveling 
2, UAV, UAV is stationary without a parcel, 11634.649621, 34, 11635.006331, 34, Idle above rendezvous location (customer 34), Idle 
2, UAV, UAV taking off or landing with no parcels, 11635.006331, 34, 11641.397577, 34, Land at truck rendezvous location (customer 34), Traveling 
2, UAV, UAV is stationary without a parcel, 11641.397577, 34, 11671.397577, 34, Recovered by truck at customer 34, UAV Recovery 
2, UAV, UAV is stationary with a parcel, 11848.932047, 11, 11908.932047, 11, Prepare to launch from truck, UAV Launch 
2, UAV, UAV taking off or landing with a parcel, 11908.932047, 11, 11912.627671, 11, Takeoff from truck at Customer 11, Traveling 
2, UAV, UAV travels with parcel, 11912.627671, 11, 11966.545415, 67, Fly to UAV customer 67, Traveling 
2, UAV, UAV taking off or landing with a parcel, 11966.545415, 67, 11972.936661, 67, Land at UAV customer 67, Traveling 
2, UAV, UAV is stationary with a parcel, 11972.936661, 67, 12032.936661, 67, Serving UAV customer 67, Making Delivery 
2, UAV, UAV taking off or landing with no parcels, 12032.936661, 67, 12036.632285, 67, Takeoff from UAV customer 67, Traveling 
2, UAV, UAV travels empty, 12036.632285, 67, 12096.971180, 17, Fly to truck at customer 17, Traveling 
2, UAV, UAV is stationary without a parcel, 12096.971180, 17, 12316.586006, 17, Idle above rendezvous location (customer 17), Idle 
2, UAV, UAV taking off or landing with no parcels, 12316.586006, 17, 12322.977252, 17, Land at truck rendezvous location (customer 17), Traveling 
2, UAV, UAV is stationary without a parcel, 12322.977252, 17, 12352.977252, 17, Recovered by truck at customer 17, UAV Recovery 
2, UAV, UAV is stationary with a parcel, 12412.977252, 17, 12472.977252, 17, Prepare to launch from truck, UAV Launch 
2, UAV, UAV taking off or landing with a parcel, 12472.977252, 17, 12476.672875, 17, Takeoff from truck at Customer 17, Traveling 
2, UAV, UAV travels with parcel, 12476.672875, 17, 12558.882999, 3, Fly to UAV customer 3, Traveling 
2, UAV, UAV taking off or landing with a parcel, 12558.882999, 3, 12565.274246, 3, Land at UAV customer 3, Traveling 
2, UAV, UAV is stationary with a parcel, 12565.274246, 3, 12625.274246, 3, Serving UAV customer 3, Making Delivery 
2, UAV, UAV taking off or landing with no parcels, 12625.274246, 3, 12628.969869, 3, Takeoff from UAV customer 3, Traveling 
2, UAV, UAV travels empty, 12628.969869, 3, 12858.694223, 101, Fly to depot, Traveling 
2, UAV, UAV is stationary without a parcel, 12858.694223, 101, 12861.153467, 101, Idle above depot location, Idle 
2, UAV, UAV taking off or landing with no parcels, 12861.153467, 101, 12867.544713, 101, Land at depot, Traveling 
2, UAV, UAV is stationary without a parcel, 12867.544713, 101, 12897.544713, 101, Recovered at depot, UAV Recovery 
3, UAV, UAV is stationary with a parcel, 365.803921, 77, 425.803921, 77, Prepare to launch from truck, UAV Launch 
3, UAV, UAV taking off or landing with a parcel, 425.803921, 77, 429.499544, 77, Takeoff from truck at Customer 77, Traveling 
3, UAV, UAV travels with parcel, 429.499544, 77, 573.183291, 84, Fly to UAV customer 84, Traveling 
3, UAV, UAV taking off or landing with a parcel, 573.183291, 84, 579.574537, 84, Land at UAV customer 84, Traveling 
3, UAV, UAV is stationary with a parcel, 579.574537, 84, 639.574537, 84, Serving UAV customer 84, Making Delivery 
3, UAV, UAV taking off or landing with no parcels, 639.574537, 84, 643.270161, 84, Takeoff from UAV customer 84, Traveling 
3, UAV, UAV travels empty, 643.270161, 84, 740.282529, 75, Fly to truck at customer 75, Traveling 
3, UAV, UAV is stationary without a parcel, 740.282529, 75, 757.580378, 75, Idle above rendezvous location (customer 75), Idle 
3, UAV, UAV taking off or landing with no parcels, 757.580378, 75, 763.971625, 75, Land at truck rendezvous location (customer 75), Traveling 
3, UAV, UAV is stationary without a parcel, 763.971625, 75, 793.971625, 75, Recovered by truck at customer 75, UAV Recovery 
3, UAV, UAV is stationary with a parcel, 1366.835265, 21, 1426.835265, 21, Prepare to launch from truck, UAV Launch 
3, UAV, UAV taking off or landing with a parcel, 1426.835265, 21, 1430.530888, 21, Takeoff from truck at Customer 21, Traveling 
3, UAV, UAV travels with parcel, 1430.530888, 21, 1499.472651, 36, Fly to UAV customer 36, Traveling 
3, UAV, UAV taking off or landing with a parcel, 1499.472651, 36, 1505.863898, 36, Land at UAV customer 36, Traveling 
3, UAV, UAV is stationary with a parcel, 1505.863898, 36, 1565.863898, 36, Serving UAV customer 36, Making Delivery 
3, UAV, UAV taking off or landing with no parcels, 1565.863898, 36, 1569.559521, 36, Takeoff from UAV customer 36, Traveling 
3, UAV, UAV travels empty, 1569.559521, 36, 1677.246691, 16, Fly to truck at customer 16, Traveling 
3, UAV, UAV is stationary without a parcel, 1677.246691, 16, 1763.161382, 16, Idle above rendezvous location (customer 16), Idle 
3, UAV, UAV taking off or landing with no parcels, 1763.161382, 16, 1769.552629, 16, Land at truck rendezvous location (customer 16), Traveling 
3, UAV, UAV is stationary without a parcel, 1769.552629, 16, 1799.552629, 16, Recovered by truck at customer 16, UAV Recovery 
3, UAV, UAV is stationary with a parcel, 2022.356538, 97, 2082.356538, 97, Prepare to launch from truck, UAV Launch 
3, UAV, UAV taking off or landing with a parcel, 2082.356538, 97, 2086.052161, 97, Takeoff from truck at Customer 97, Traveling 
3, UAV, UAV travels with parcel, 2086.052161, 97, 2121.002346, 31, Fly to UAV customer 31, Traveling 
3, UAV, UAV taking off or landing with a parcel, 2121.002346, 31, 2127.393593, 31, Land at UAV customer 31, Traveling 
3, UAV, UAV is stationary with a parcel, 2127.393593, 31, 2187.393593, 31, Serving UAV customer 31, Making Delivery 
3, UAV, UAV taking off or landing with no parcels, 2187.393593, 31, 2191.089216, 31, Takeoff from UAV customer 31, Traveling 
3, UAV, UAV travels empty, 2191.089216, 31, 2215.511674, 42, Fly to truck at customer 42, Traveling 
3, UAV, UAV is stationary without a parcel, 2215.511674, 42, 2308.047131, 42, Idle above rendezvous location (customer 42), Idle 
3, UAV, UAV taking off or landing with no parcels, 2308.047131, 42, 2314.438378, 42, Land at truck rendezvous location (customer 42), Traveling 
3, UAV, UAV is stationary without a parcel, 2314.438378, 42, 2344.438378, 42, Recovered by truck at customer 42, UAV Recovery 
3, UAV, UAV is stationary with a parcel, 3347.620675, 66, 3407.620675, 66, Prepare to launch from truck, UAV Launch 
3, UAV, UAV taking off or landing with a parcel, 3407.620675, 66, 3411.316298, 66, Takeoff from truck at Customer 66, Traveling 
3, UAV, UAV travels with parcel, 3411.316298, 66, 3586.628972, 10, Fly to UAV customer 10, Traveling 
3, UAV, UAV taking off or landing with a parcel, 3586.628972, 10, 3593.020219, 10, Land at UAV customer 10, Traveling 
3, UAV, UAV is stationary with a parcel, 3593.020219, 10, 3653.020219, 10, Serving UAV customer 10, Making Delivery 
3, UAV, UAV taking off or landing with no parcels, 3653.020219, 10, 3656.715842, 10, Takeoff from UAV customer 10, Traveling 
3, UAV, UAV travels empty, 3656.715842, 10, 3720.672776, 79, Fly to truck at customer 79, Traveling 
3, UAV, UAV is stationary without a parcel, 3720.672776, 79, 3900.273203, 79, Idle above rendezvous location (customer 79), Idle 
3, UAV, UAV taking off or landing with no parcels, 3900.273203, 79, 3906.664450, 79, Land at truck rendezvous location (customer 79), Traveling 
3, UAV, UAV is stationary without a parcel, 3906.664450, 79, 3936.664450, 79, Recovered by truck at customer 79, UAV Recovery 
3, UAV, UAV is stationary with a parcel, 3996.664450, 79, 4056.664450, 79, Prepare to launch from truck, UAV Launch 
3, UAV, UAV taking off or landing with a parcel, 4056.664450, 79, 4060.360073, 79, Takeoff from truck at Customer 79, Traveling 
3, UAV, UAV travels with parcel, 4060.360073, 79, 4213.729038, 59, Fly to UAV customer 59, Traveling 
3, UAV, UAV taking off or landing with a parcel, 4213.729038, 59, 4220.120285, 59, Land at UAV customer 59, Traveling 
3, UAV, UAV is stationary with a parcel, 4220.120285, 59, 4280.120285, 59, Serving UAV customer 59, Making Delivery 
3, UAV, UAV taking off or landing with no parcels, 4280.120285, 59, 4283.815908, 59, Takeoff from UAV customer 59, Traveling 
3, UAV, UAV travels empty, 4283.815908, 59, 4339.905198, 95, Fly to truck at customer 95, Traveling 
3, UAV, UAV is stationary without a parcel, 4339.905198, 95, 4344.749914, 95, Idle above rendezvous location (customer 95), Idle 
3, UAV, UAV taking off or landing with no parcels, 4344.749914, 95, 4351.141161, 95, Land at truck rendezvous location (customer 95), Traveling 
3, UAV, UAV is stationary without a parcel, 4351.141161, 95, 4381.141161, 95, Recovered by truck at customer 95, UAV Recovery 
3, UAV, UAV is stationary with a parcel, 5301.177561, 73, 5361.177561, 73, Prepare to launch from truck, UAV Launch 
3, UAV, UAV taking off or landing with a parcel, 5361.177561, 73, 5364.873184, 73, Takeoff from truck at Customer 73, Traveling 
3, UAV, UAV travels with parcel, 5364.873184, 73, 5487.205988, 56, Fly to UAV customer 56, Traveling 
3, UAV, UAV taking off or landing with a parcel, 5487.205988, 56, 5493.597234, 56, Land at UAV customer 56, Traveling 
3, UAV, UAV is stationary with a parcel, 5493.597234, 56, 5553.597234, 56, Serving UAV customer 56, Making Delivery 
3, UAV, UAV taking off or landing with no parcels, 5553.597234, 56, 5557.292857, 56, Takeoff from UAV customer 56, Traveling 
3, UAV, UAV travels empty, 5557.292857, 56, 5705.295363, 76, Fly to truck at customer 76, Traveling 
3, UAV, UAV is stationary without a parcel, 5705.295363, 76, 5780.959787, 76, Idle above rendezvous location (customer 76), Idle 
3, UAV, UAV taking off or landing with no parcels, 5780.959787, 76, 5787.351034, 76, Land at truck rendezvous location (customer 76), Traveling 
3, UAV, UAV is stationary without a parcel, 5787.351034, 76, 5817.351034, 76, Recovered by truck at customer 76, UAV Recovery 
3, UAV, UAV is stationary with a parcel, 6291.352454, 81, 6351.352454, 81, Prepare to launch from truck, UAV Launch 
3, UAV, UAV taking off or landing with a parcel, 6351.352454, 81, 6355.048077, 81, Takeoff from truck at Customer 81, Traveling 
3, UAV, UAV travels with parcel, 6355.048077, 81, 6394.277702, 85, Fly to UAV customer 85, Traveling 
3, UAV, UAV taking off or landing with a parcel, 6394.277702, 85, 6400.668949, 85, Land at UAV customer 85, Traveling 
3, UAV, UAV is stationary with a parcel, 6400.668949, 85, 6460.668949, 85, Serving UAV customer 85, Making Delivery 
3, UAV, UAV taking off or landing with no parcels, 6460.668949, 85, 6464.364572, 85, Takeoff from UAV customer 85, Traveling 
3, UAV, UAV travels empty, 6464.364572, 85, 6505.034482, 99, Fly to truck at customer 99, Traveling 
3, UAV, UAV is stationary without a parcel, 6505.034482, 99, 6636.758110, 99, Idle above rendezvous location (customer 99), Idle 
3, UAV, UAV taking off or landing with no parcels, 6636.758110, 99, 6643.149357, 99, Land at truck rendezvous location (customer 99), Traveling 
3, UAV, UAV is stationary without a parcel, 6643.149357, 99, 6673.149357, 99, Recovered by truck at customer 99, UAV Recovery 
3, UAV, UAV is stationary with a parcel, 7069.386809, 6, 7129.386809, 6, Prepare to launch from truck, UAV Launch 
3, UAV, UAV taking off or landing with a parcel, 7129.386809, 6, 7133.082432, 6, Takeoff from truck at Customer 6, Traveling 
3, UAV, UAV travels with parcel, 7133.082432, 6, 7238.618671, 57, Fly to UAV customer 57, Traveling 
3, UAV, UAV taking off or landing with a parcel, 7238.618671, 57, 7245.009917, 57, Land at UAV customer 57, Traveling 
3, UAV, UAV is stationary with a parcel, 7245.009917, 57, 7305.009917, 57, Serving UAV customer 57, Making Delivery 
3, UAV, UAV taking off or landing with no parcels, 7305.009917, 57, 7308.705541, 57, Takeoff from UAV customer 57, Traveling 
3, UAV, UAV travels empty, 7308.705541, 57, 7377.456724, 74, Fly to truck at customer 74, Traveling 
3, UAV, UAV is stationary without a parcel, 7377.456724, 74, 7422.581693, 74, Idle above rendezvous location (customer 74), Idle 
3, UAV, UAV taking off or landing with no parcels, 7422.581693, 74, 7428.972940, 74, Land at truck rendezvous location (customer 74), Traveling 
3, UAV, UAV is stationary without a parcel, 7428.972940, 74, 7458.972940, 74, Recovered by truck at customer 74, UAV Recovery 
3, UAV, UAV is stationary with a parcel, 7548.972940, 74, 7608.972940, 74, Prepare to launch from truck, UAV Launch 
3, UAV, UAV taking off or landing with a parcel, 7608.972940, 74, 7612.668563, 74, Takeoff from truck at Customer 74, Traveling 
3, UAV, UAV travels with parcel, 7612.668563, 74, 7761.715104, 14, Fly to UAV customer 14, Traveling 
3, UAV, UAV taking off or landing with a parcel, 7761.715104, 14, 7768.106351, 14, Land at UAV customer 14, Traveling 
3, UAV, UAV is stationary with a parcel, 7768.106351, 14, 7828.106351, 14, Serving UAV customer 14, Making Delivery 
3, UAV, UAV taking off or landing with no parcels, 7828.106351, 14, 7831.801974, 14, Takeoff from UAV customer 14, Traveling 
3, UAV, UAV travels empty, 7831.801974, 14, 7973.611084, 94, Fly to truck at customer 94, Traveling 
3, UAV, UAV taking off or landing with no parcels, 7973.611084, 94, 7980.002331, 94, Land at truck rendezvous location (customer 94), Traveling 
3, UAV, UAV is stationary without a parcel, 7980.002331, 94, 8010.002331, 94, Recovered by truck at customer 94, UAV Recovery 
3, UAV, UAV is stationary with a parcel, 8276.762290, 25, 8336.762290, 25, Prepare to launch from truck, UAV Launch 
3, UAV, UAV taking off or landing with a parcel, 8336.762290, 25, 8340.457913, 25, Takeoff from truck at Customer 25, Traveling 
3, UAV, UAV travels with parcel, 8340.457913, 25, 8431.613742, 96, Fly to UAV customer 96, Traveling 
3, UAV, UAV taking off or landing with a parcel, 8431.613742, 96, 8438.004989, 96, Land at UAV customer 96, Traveling 
3, UAV, UAV is stationary with a parcel, 8438.004989, 96, 8498.004989, 96, Serving UAV customer 96, Making Delivery 
3, UAV, UAV taking off or landing with no parcels, 8498.004989, 96, 8501.700612, 96, Takeoff from UAV customer 96, Traveling 
3, UAV, UAV travels empty, 8501.700612, 96, 8699.678899, 90, Fly to truck at customer 90, Traveling 
3, UAV, UAV is stationary without a parcel, 8699.678899, 90, 8863.311543, 90, Idle above rendezvous location (customer 90), Idle 
3, UAV, UAV taking off or landing with no parcels, 8863.311543, 90, 8869.702790, 90, Land at truck rendezvous location (customer 90), Traveling 
3, UAV, UAV is stationary without a parcel, 8869.702790, 90, 8899.702790, 90, Recovered by truck at customer 90, UAV Recovery 
3, UAV, UAV is stationary with a parcel, 9125.637284, 35, 9185.637284, 35, Prepare to launch from truck, UAV Launch 
3, UAV, UAV taking off or landing with a parcel, 9185.637284, 35, 9189.332907, 35, Takeoff from truck at Customer 35, Traveling 
3, UAV, UAV travels with parcel, 9189.332907, 35, 9240.926754, 45, Fly to UAV customer 45, Traveling 
3, UAV, UAV taking off or landing with a parcel, 9240.926754, 45, 9247.318000, 45, Land at UAV customer 45, Traveling 
3, UAV, UAV is stationary with a parcel, 9247.318000, 45, 9307.318000, 45, Serving UAV customer 45, Making Delivery 
3, UAV, UAV taking off or landing with no parcels, 9307.318000, 45, 9311.013624, 45, Takeoff from UAV customer 45, Traveling 
3, UAV, UAV travels empty, 9311.013624, 45, 9349.373146, 93, Fly to truck at customer 93, Traveling 
3, UAV, UAV is stationary without a parcel, 9349.373146, 93, 9407.639545, 93, Idle above rendezvous location (customer 93), Idle 
3, UAV, UAV taking off or landing with no parcels, 9407.639545, 93, 9414.030792, 93, Land at truck rendezvous location (customer 93), Traveling 
3, UAV, UAV is stationary without a parcel, 9414.030792, 93, 9444.030792, 93, Recovered by truck at customer 93, UAV Recovery 
3, UAV, UAV is stationary with a parcel, 9564.030792, 93, 9624.030792, 93, Prepare to launch from truck, UAV Launch 
3, UAV, UAV taking off or landing with a parcel, 9624.030792, 93, 9627.726415, 93, Takeoff from truck at Customer 93, Traveling 
3, UAV, UAV travels with parcel, 9627.726415, 93, 9697.793793, 58, Fly to UAV customer 58, Traveling 
3, UAV, UAV taking off or landing with a parcel, 9697.793793, 58, 9704.185039, 58, Land at UAV customer 58, Traveling 
3, UAV, UAV is stationary with a parcel, 9704.185039, 58, 9764.185039, 58, Serving UAV customer 58, Making Delivery 
3, UAV, UAV taking off or landing with no parcels, 9764.185039, 58, 9767.880662, 58, Takeoff from UAV customer 58, Traveling 
3, UAV, UAV travels empty, 9767.880662, 58, 9834.406085, 22, Fly to truck at customer 22, Traveling 
3, UAV, UAV taking off or landing with no parcels, 9834.406085, 22, 9840.797331, 22, Land at truck rendezvous location (customer 22), Traveling 
3, UAV, UAV is stationary without a parcel, 9840.797331, 22, 9870.797331, 22, Recovered by truck at customer 22, UAV Recovery 
3, UAV, UAV is stationary with a parcel, 9900.797331, 22, 9960.797331, 22, Prepare to launch from truck, UAV Launch 
3, UAV, UAV taking off or landing with a parcel, 9960.797331, 22, 9964.492954, 22, Takeoff from truck at Customer 22, Traveling 
3, UAV, UAV travels with parcel, 9964.492954, 22, 10092.732773, 38, Fly to UAV customer 38, Traveling 
3, UAV, UAV taking off or landing with a parcel, 10092.732773, 38, 10099.124019, 38, Land at UAV customer 38, Traveling 
3, UAV, UAV is stationary with a parcel, 10099.124019, 38, 10159.124019, 38, Serving UAV customer 38, Making Delivery 
3, UAV, UAV taking off or landing with no parcels, 10159.124019, 38, 10162.819643, 38, Takeoff from UAV customer 38, Traveling 
3, UAV, UAV travels empty, 10162.819643, 38, 10305.035682, 61, Fly to truck at customer 61, Traveling 
3, UAV, UAV is stationary without a parcel, 10305.035682, 61, 10317.359801, 61, Idle above rendezvous location (customer 61), Idle 
3, UAV, UAV taking off or landing with no parcels, 10317.359801, 61, 10323.751047, 61, Land at truck rendezvous location (customer 61), Traveling 
3, UAV, UAV is stationary without a parcel, 10323.751047, 61, 10353.751047, 61, Recovered by truck at customer 61, UAV Recovery 
3, UAV, UAV is stationary with a parcel, 10533.751047, 61, 10593.751047, 61, Prepare to launch from truck, UAV Launch 
3, UAV, UAV taking off or landing with a parcel, 10593.751047, 61, 10597.446670, 61, Takeoff from truck at Customer 61, Traveling 
3, UAV, UAV travels with parcel, 10597.446670, 61, 10737.682693, 78, Fly to UAV customer 78, Traveling 
3, UAV, UAV taking off or landing with a parcel, 10737.682693, 78, 10744.073939, 78, Land at UAV customer 78, Traveling 
3, UAV, UAV is stationary with a parcel, 10744.073939, 78, 10804.073939, 78, Serving UAV customer 78, Making Delivery 
3, UAV, UAV taking off or landing with no parcels, 10804.073939, 78, 10807.769562, 78, Takeoff from UAV customer 78, Traveling 
3, UAV, UAV travels empty, 10807.769562, 78, 10929.847679, 27, Fly to truck at customer 27, Traveling 
3, UAV, UAV is stationary without a parcel, 10929.847679, 27, 11025.028489, 27, Idle above rendezvous location (customer 27), Idle 
3, UAV, UAV taking off or landing with no parcels, 11025.028489, 27, 11031.419735, 27, Land at truck rendezvous location (customer 27), Traveling 
3, UAV, UAV is stationary without a parcel, 11031.419735, 27, 11061.419735, 27, Recovered by truck at customer 27, UAV Recovery 
3, UAV, UAV is stationary with a parcel, 11061.419735, 27, 11121.419735, 27, Prepare to launch from truck, UAV Launch 
3, UAV, UAV taking off or landing with a parcel, 11121.419735, 27, 11125.115359, 27, Takeoff from truck at Customer 27, Traveling 
3, UAV, UAV travels with parcel, 11125.115359, 27, 11234.172247, 89, Fly to UAV customer 89, Traveling 
3, UAV, UAV taking off or landing with a parcel, 11234.172247, 89, 11240.563493, 89, Land at UAV customer 89, Traveling 
3, UAV, UAV is stationary with a parcel, 11240.563493, 89, 11300.563493, 89, Serving UAV customer 89, Making Delivery 
3, UAV, UAV taking off or landing with no parcels, 11300.563493, 89, 11304.259117, 89, Takeoff from UAV customer 89, Traveling 
3, UAV, UAV travels empty, 11304.259117, 89, 11499.299687, 65, Fly to truck at customer 65, Traveling 
3, UAV, UAV is stationary without a parcel, 11499.299687, 65, 11529.064496, 65, Idle above rendezvous location (customer 65), Idle 
3, UAV, UAV taking off or landing with no parcels, 11529.064496, 65, 11535.455742, 65, Land at truck rendezvous location (customer 65), Traveling 
3, UAV, UAV is stationary without a parcel, 11535.455742, 65, 11565.455742, 65, Recovered by truck at customer 65, UAV Recovery 
3, UAV, UAV is stationary with a parcel, 11788.932047, 11, 11848.932047, 11, Prepare to launch from truck, UAV Launch 
3, UAV, UAV taking off or landing with a parcel, 11848.932047, 11, 11852.627671, 11, Takeoff from truck at Customer 11, Traveling 
3, UAV, UAV travels with parcel, 11852.627671, 11, 11924.905481, 5, Fly to UAV customer 5, Traveling 
3, UAV, UAV taking off or landing with a parcel, 11924.905481, 5, 11931.296727, 5, Land at UAV customer 5, Traveling 
3, UAV, UAV is stationary with a parcel, 11931.296727, 5, 11991.296727, 5, Serving UAV customer 5, Making Delivery 
3, UAV, UAV taking off or landing with no parcels, 11991.296727, 5, 11994.992351, 5, Takeoff from UAV customer 5, Traveling 
3, UAV, UAV travels empty, 11994.992351, 5, 12050.808218, 17, Fly to truck at customer 17, Traveling 
3, UAV, UAV is stationary without a parcel, 12050.808218, 17, 12106.586006, 17, Idle above rendezvous location (customer 17), Idle 
3, UAV, UAV taking off or landing with no parcels, 12106.586006, 17, 12112.977252, 17, Land at truck rendezvous location (customer 17), Traveling 
3, UAV, UAV is stationary without a parcel, 12112.977252, 17, 12142.977252, 17, Recovered by truck at customer 17, UAV Recovery 
3, UAV, UAV is stationary with a parcel, 12262.977252, 17, 12322.977252, 17, Prepare to launch from truck, UAV Launch 
3, UAV, UAV taking off or landing with a parcel, 12322.977252, 17, 12326.672875, 17, Takeoff from truck at Customer 17, Traveling 
3, UAV, UAV travels with parcel, 12326.672875, 17, 12400.548089, 29, Fly to UAV customer 29, Traveling 
3, UAV, UAV taking off or landing with a parcel, 12400.548089, 29, 12406.939336, 29, Land at UAV customer 29, Traveling 
3, UAV, UAV is stationary with a parcel, 12406.939336, 29, 12466.939336, 29, Serving UAV customer 29, Making Delivery 
3, UAV, UAV taking off or landing with no parcels, 12466.939336, 29, 12470.634959, 29, Takeoff from UAV customer 29, Traveling 
3, UAV, UAV travels empty, 12470.634959, 29, 12684.429855, 101, Fly to depot, Traveling 
3, UAV, UAV is stationary without a parcel, 12684.429855, 101, 12831.153467, 101, Idle above depot location, Idle 
3, UAV, UAV taking off or landing with no parcels, 12831.153467, 101, 12837.544713, 101, Land at depot, Traveling 
3, UAV, UAV is stationary without a parcel, 12837.544713, 101, 12867.544713, 101, Recovered at depot, UAV Recovery 
4, UAV, UAV is stationary with a parcel, 1576.835265, 21, 1636.835265, 21, Prepare to launch from truck, UAV Launch 
4, UAV, UAV taking off or landing with a parcel, 1636.835265, 21, 1640.530888, 21, Takeoff from truck at Customer 21, Traveling 
4, UAV, UAV travels with parcel, 1640.530888, 21, 1671.463807, 32, Fly to UAV customer 32, Traveling 
4, UAV, UAV taking off or landing with a parcel, 1671.463807, 32, 1677.855054, 32, Land at UAV customer 32, Traveling 
4, UAV, UAV is stationary with a parcel, 1677.855054, 32, 1737.855054, 32, Serving UAV customer 32, Making Delivery 
4, UAV, UAV taking off or landing with no parcels, 1737.855054, 32, 1741.550677, 32, Takeoff from UAV customer 32, Traveling 
4, UAV, UAV travels empty, 1741.550677, 32, 1804.739242, 16, Fly to truck at customer 16, Traveling 
4, UAV, UAV is stationary without a parcel, 1804.739242, 16, 1823.161382, 16, Idle above rendezvous location (customer 16), Idle 
4, UAV, UAV taking off or landing with no parcels, 1823.161382, 16, 1829.552629, 16, Land at truck rendezvous location (customer 16), Traveling 
4, UAV, UAV is stationary without a parcel, 1829.552629, 16, 1859.552629, 16, Recovered by truck at customer 16, UAV Recovery 
4, UAV, UAV is stationary with a parcel, 3227.620675, 66, 3287.620675, 66, Prepare to launch from truck, UAV Launch 
4, UAV, UAV taking off or landing with a parcel, 3287.620675, 66, 3291.316298, 66, Takeoff from truck at Customer 66, Traveling 
4, UAV, UAV travels with parcel, 3291.316298, 66, 3421.288149, 100, Fly to UAV customer 100, Traveling 
4, UAV, UAV taking off or landing with a parcel, 3421.288149, 100, 3427.679396, 100, Land at UAV customer 100, Traveling 
4, UAV, UAV is stationary with a parcel, 3427.679396, 100, 3487.679396, 100, Serving UAV customer 100, Making Delivery 
4, UAV, UAV taking off or landing with no parcels, 3487.679396, 100, 3491.375019, 100, Takeoff from UAV customer 100, Traveling 
4, UAV, UAV travels empty, 3491.375019, 100, 3567.552246, 79, Fly to truck at customer 79, Traveling 
4, UAV, UAV is stationary without a parcel, 3567.552246, 79, 3810.273203, 79, Idle above rendezvous location (customer 79), Idle 
4, UAV, UAV taking off or landing with no parcels, 3810.273203, 79, 3816.664450, 79, Land at truck rendezvous location (customer 79), Traveling 
4, UAV, UAV is stationary without a parcel, 3816.664450, 79, 3846.664450, 79, Recovered by truck at customer 79, UAV Recovery 
4, UAV, UAV is stationary with a parcel, 4056.664450, 79, 4116.664450, 79, Prepare to launch from truck, UAV Launch 
4, UAV, UAV taking off or landing with a parcel, 4116.664450, 79, 4120.360073, 79, Takeoff from truck at Customer 79, Traveling 
4, UAV, UAV travels with parcel, 4120.360073, 79, 4192.516494, 64, Fly to UAV customer 64, Traveling 
4, UAV, UAV taking off or landing with a parcel, 4192.516494, 64, 4198.907740, 64, Land at UAV customer 64, Traveling 
4, UAV, UAV is stationary with a parcel, 4198.907740, 64, 4258.907740, 64, Serving UAV customer 64, Making Delivery 
4, UAV, UAV taking off or landing with no parcels, 4258.907740, 64, 4262.603363, 64, Takeoff from UAV customer 64, Traveling 
4, UAV, UAV travels empty, 4262.603363, 64, 4347.766985, 95, Fly to truck at customer 95, Traveling 
4, UAV, UAV is stationary without a parcel, 4347.766985, 95, 4464.749914, 95, Idle above rendezvous location (customer 95), Idle 
4, UAV, UAV taking off or landing with no parcels, 4464.749914, 95, 4471.141161, 95, Land at truck rendezvous location (customer 95), Traveling 
4, UAV, UAV is stationary without a parcel, 4471.141161, 95, 4501.141161, 95, Recovered by truck at customer 95, UAV Recovery 
4, UAV, UAV is stationary with a parcel, 5241.177561, 73, 5301.177561, 73, Prepare to launch from truck, UAV Launch 
4, UAV, UAV taking off or landing with a parcel, 5301.177561, 73, 5304.873184, 73, Takeoff from truck at Customer 73, Traveling 
4, UAV, UAV travels with parcel, 5304.873184, 73, 5456.693011, 15, Fly to UAV customer 15, Traveling 
4, UAV, UAV taking off or landing with a parcel, 5456.693011, 15, 5463.084258, 15, Land at UAV customer 15, Traveling 
4, UAV, UAV is stationary with a parcel, 5463.084258, 15, 5523.084258, 15, Serving UAV customer 15, Making Delivery 
4, UAV, UAV taking off or landing with no parcels, 5523.084258, 15, 5526.779881, 15, Takeoff from UAV customer 15, Traveling 
4, UAV, UAV travels empty, 5526.779881, 15, 5652.711402, 76, Fly to truck at customer 76, Traveling 
4, UAV, UAV is stationary without a parcel, 5652.711402, 76, 5930.959787, 76, Idle above rendezvous location (customer 76), Idle 
4, UAV, UAV taking off or landing with no parcels, 5930.959787, 76, 5937.351034, 76, Land at truck rendezvous location (customer 76), Traveling 
4, UAV, UAV is stationary without a parcel, 5937.351034, 76, 5967.351034, 76, Recovered by truck at customer 76, UAV Recovery 
4, UAV, UAV is stationary with a parcel, 6411.352454, 81, 6471.352454, 81, Prepare to launch from truck, UAV Launch 
4, UAV, UAV taking off or landing with a parcel, 6471.352454, 81, 6475.048077, 81, Takeoff from truck at Customer 81, Traveling 
4, UAV, UAV travels with parcel, 6475.048077, 81, 6532.801013, 80, Fly to UAV customer 80, Traveling 
4, UAV, UAV taking off or landing with a parcel, 6532.801013, 80, 6539.192259, 80, Land at UAV customer 80, Traveling 
4, UAV, UAV is stationary with a parcel, 6539.192259, 80, 6599.192259, 80, Serving UAV customer 80, Making Delivery 
4, UAV, UAV taking off or landing with no parcels, 6599.192259, 80, 6602.887883, 80, Takeoff from UAV customer 80, Traveling 
4, UAV, UAV travels empty, 6602.887883, 80, 6664.701192, 99, Fly to truck at customer 99, Traveling 
4, UAV, UAV is stationary without a parcel, 6664.701192, 99, 6696.758110, 99, Idle above rendezvous location (customer 99), Idle 
4, UAV, UAV taking off or landing with no parcels, 6696.758110, 99, 6703.149357, 99, Land at truck rendezvous location (customer 99), Traveling 
4, UAV, UAV is stationary without a parcel, 6703.149357, 99, 6733.149357, 99, Recovered by truck at customer 99, UAV Recovery 
4, UAV, UAV is stationary with a parcel, 7219.386809, 6, 7279.386809, 6, Prepare to launch from truck, UAV Launch 
4, UAV, UAV taking off or landing with a parcel, 7279.386809, 6, 7283.082432, 6, Takeoff from truck at Customer 6, Traveling 
4, UAV, UAV travels with parcel, 7283.082432, 6, 7349.527111, 40, Fly to UAV customer 40, Traveling 
4, UAV, UAV taking off or landing with a parcel, 7349.527111, 40, 7355.918357, 40, Land at UAV customer 40, Traveling 
4, UAV, UAV is stationary with a parcel, 7355.918357, 40, 7415.918357, 40, Serving UAV customer 40, Making Delivery 
4, UAV, UAV taking off or landing with no parcels, 7415.918357, 40, 7419.613981, 40, Takeoff from UAV customer 40, Traveling 
4, UAV, UAV travels empty, 7419.613981, 40, 7464.626710, 74, Fly to truck at customer 74, Traveling 
4, UAV, UAV is stationary without a parcel, 7464.626710, 74, 7602.581693, 74, Idle above rendezvous location (customer 74), Idle 
4, UAV, UAV taking off or landing with no parcels, 7602.581693, 74, 7608.972940, 74, Land at truck rendezvous location (customer 74), Traveling 
4, UAV, UAV is stationary without a parcel, 7608.972940, 74, 7638.972940, 74, Recovered by truck at customer 74, UAV Recovery 
4, UAV, UAV is stationary with a parcel, 7638.972940, 74, 7698.972940, 74, Prepare to launch from truck, UAV Launch 
4, UAV, UAV taking off or landing with a parcel, 7698.972940, 74, 7702.668563, 74, Takeoff from truck at Customer 74, Traveling 
4, UAV, UAV travels with parcel, 7702.668563, 74, 7785.869577, 48, Fly to UAV customer 48, Traveling 
4, UAV, UAV taking off or landing with a parcel, 7785.869577, 48, 7792.260824, 48, Land at UAV customer 48, Traveling 
4, UAV, UAV is stationary with a parcel, 7792.260824, 48, 7852.260824, 48, Serving UAV customer 48, Making Delivery 
4, UAV, UAV taking off or landing with no parcels, 7852.260824, 48, 7855.956447, 48, Takeoff from UAV customer 48, Traveling 
4, UAV, UAV travels empty, 7855.956447, 48, 7911.082455, 94, Fly to truck at customer 94, Traveling 
4, UAV, UAV taking off or landing with no parcels, 7911.082455, 94, 7917.473701, 94, Land at truck rendezvous location (customer 94), Traveling 
4, UAV, UAV is stationary without a parcel, 7917.473701, 94, 7947.473701, 94, Recovered by truck at customer 94, UAV Recovery 
4, UAV, UAV is stationary with a parcel, 8066.762290, 25, 8126.762290, 25, Prepare to launch from truck, UAV Launch 
4, UAV, UAV taking off or landing with a parcel, 8126.762290, 25, 8130.457913, 25, Takeoff from truck at Customer 25, Traveling 
4, UAV, UAV travels with parcel, 8130.457913, 25, 8297.206167, 44, Fly to UAV customer 44, Traveling 
4, UAV, UAV taking off or landing with a parcel, 8297.206167, 44, 8303.597413, 44, Land at UAV customer 44, Traveling 
4, UAV, UAV is stationary with a parcel, 8303.597413, 44, 8363.597413, 44, Serving UAV customer 44, Making Delivery 
4, UAV, UAV taking off or landing with no parcels, 8363.597413, 44, 8367.293036, 44, Takeoff from UAV customer 44, Traveling 
4, UAV, UAV travels empty, 8367.293036, 44, 8454.843461, 90, Fly to truck at customer 90, Traveling 
4, UAV, UAV is stationary without a parcel, 8454.843461, 90, 8923.311543, 90, Idle above rendezvous location (customer 90), Idle 
4, UAV, UAV taking off or landing with no parcels, 8923.311543, 90, 8929.702790, 90, Land at truck rendezvous location (customer 90), Traveling 
4, UAV, UAV is stationary without a parcel, 8929.702790, 90, 8959.702790, 90, Recovered by truck at customer 90, UAV Recovery 
4, UAV, UAV is stationary with a parcel, 9245.637284, 35, 9305.637284, 35, Prepare to launch from truck, UAV Launch 
4, UAV, UAV taking off or landing with a parcel, 9305.637284, 35, 9309.332907, 35, Takeoff from truck at Customer 35, Traveling 
4, UAV, UAV travels with parcel, 9309.332907, 35, 9428.855617, 8, Fly to UAV customer 8, Traveling 
4, UAV, UAV taking off or landing with a parcel, 9428.855617, 8, 9435.246863, 8, Land at UAV customer 8, Traveling 
4, UAV, UAV is stationary with a parcel, 9435.246863, 8, 9495.246863, 8, Serving UAV customer 8, Making Delivery 
4, UAV, UAV taking off or landing with no parcels, 9495.246863, 8, 9498.942487, 8, Takeoff from UAV customer 8, Traveling 
4, UAV, UAV travels empty, 9498.942487, 8, 9589.522346, 93, Fly to truck at customer 93, Traveling 
4, UAV, UAV is stationary without a parcel, 9589.522346, 93, 9657.348402, 93, Idle above rendezvous location (customer 93), Idle 
4, UAV, UAV taking off or landing with no parcels, 9657.348402, 93, 9663.739648, 93, Land at truck rendezvous location (customer 93), Traveling 
4, UAV, UAV is stationary without a parcel, 9663.739648, 93, 9693.739648, 93, Recovered by truck at customer 93, UAV Recovery 
4, UAV, UAV is stationary with a parcel, 9780.797331, 22, 9840.797331, 22, Prepare to launch from truck, UAV Launch 
4, UAV, UAV taking off or landing with a parcel, 9840.797331, 22, 9844.492954, 22, Takeoff from truck at Customer 22, Traveling 
4, UAV, UAV travels with parcel, 9844.492954, 22, 9964.091420, 54, Fly to UAV customer 54, Traveling 
4, UAV, UAV taking off or landing with a parcel, 9964.091420, 54, 9970.482667, 54, Land at UAV customer 54, Traveling 
4, UAV, UAV is stationary with a parcel, 9970.482667, 54, 10030.482667, 54, Serving UAV customer 54, Making Delivery 
4, UAV, UAV taking off or landing with no parcels, 10030.482667, 54, 10034.178290, 54, Takeoff from UAV customer 54, Traveling 
4, UAV, UAV travels empty, 10034.178290, 54, 10175.287094, 61, Fly to truck at customer 61, Traveling 
4, UAV, UAV is stationary without a parcel, 10175.287094, 61, 10287.359801, 61, Idle above rendezvous location (customer 61), Idle 
4, UAV, UAV taking off or landing with no parcels, 10287.359801, 61, 10293.751047, 61, Land at truck rendezvous location (customer 61), Traveling 
4, UAV, UAV is stationary without a parcel, 10293.751047, 61, 10323.751047, 61, Recovered by truck at customer 61, UAV Recovery 
4, UAV, UAV is stationary with a parcel, 10353.751047, 61, 10413.751047, 61, Prepare to launch from truck, UAV Launch 
4, UAV, UAV taking off or landing with a parcel, 10413.751047, 61, 10417.446670, 61, Takeoff from truck at Customer 61, Traveling 
4, UAV, UAV travels with parcel, 10417.446670, 61, 10511.001779, 41, Fly to UAV customer 41, Traveling 
4, UAV, UAV taking off or landing with a parcel, 10511.001779, 41, 10517.393025, 41, Land at UAV customer 41, Traveling 
4, UAV, UAV is stationary with a parcel, 10517.393025, 41, 10577.393025, 41, Serving UAV customer 41, Making Delivery 
4, UAV, UAV taking off or landing with no parcels, 10577.393025, 41, 10581.088649, 41, Takeoff from UAV customer 41, Traveling 
4, UAV, UAV travels empty, 10581.088649, 41, 10634.290796, 27, Fly to truck at customer 27, Traveling 
4, UAV, UAV is stationary without a parcel, 10634.290796, 27, 10753.814332, 27, Idle above rendezvous location (customer 27), Idle 
4, UAV, UAV taking off or landing with no parcels, 10753.814332, 27, 10760.205578, 27, Land at truck rendezvous location (customer 27), Traveling 
4, UAV, UAV is stationary without a parcel, 10760.205578, 27, 10790.205578, 27, Recovered by truck at customer 27, UAV Recovery 
4, UAV, UAV is stationary with a parcel, 10790.205578, 27, 10850.205578, 27, Prepare to launch from truck, UAV Launch 
4, UAV, UAV taking off or landing with a parcel, 10850.205578, 27, 10853.901201, 27, Takeoff from truck at Customer 27, Traveling 
4, UAV, UAV travels with parcel, 10853.901201, 27, 10941.665311, 91, Fly to UAV customer 91, Traveling 
4, UAV, UAV taking off or landing with a parcel, 10941.665311, 91, 10948.056558, 91, Land at UAV customer 91, Traveling 
4, UAV, UAV is stationary with a parcel, 10948.056558, 91, 11008.056558, 91, Serving UAV customer 91, Making Delivery 
4, UAV, UAV taking off or landing with no parcels, 11008.056558, 91, 11011.752181, 91, Takeoff from UAV customer 91, Traveling 
4, UAV, UAV travels empty, 11011.752181, 91, 11164.526159, 65, Fly to truck at customer 65, Traveling 
4, UAV, UAV is stationary without a parcel, 11164.526159, 65, 11499.064496, 65, Idle above rendezvous location (customer 65), Idle 
4, UAV, UAV taking off or landing with no parcels, 11499.064496, 65, 11505.455742, 65, Land at truck rendezvous location (customer 65), Traveling 
4, UAV, UAV is stationary without a parcel, 11505.455742, 65, 11535.455742, 65, Recovered by truck at customer 65, UAV Recovery 
4, UAV, UAV is stationary with a parcel, 11728.932047, 11, 11788.932047, 11, Prepare to launch from truck, UAV Launch 
4, UAV, UAV taking off or landing with a parcel, 11788.932047, 11, 11792.627671, 11, Takeoff from truck at Customer 11, Traveling 
4, UAV, UAV travels with parcel, 11792.627671, 11, 11861.842978, 55, Fly to UAV customer 55, Traveling 
4, UAV, UAV taking off or landing with a parcel, 11861.842978, 55, 11868.234224, 55, Land at UAV customer 55, Traveling 
4, UAV, UAV is stationary with a parcel, 11868.234224, 55, 11928.234224, 55, Serving UAV customer 55, Making Delivery 
4, UAV, UAV taking off or landing with no parcels, 11928.234224, 55, 11931.929847, 55, Takeoff from UAV customer 55, Traveling 
4, UAV, UAV travels empty, 11931.929847, 55, 11993.250755, 17, Fly to truck at customer 17, Traveling 
4, UAV, UAV is stationary without a parcel, 11993.250755, 17, 12166.586006, 17, Idle above rendezvous location (customer 17), Idle 
4, UAV, UAV taking off or landing with no parcels, 12166.586006, 17, 12172.977252, 17, Land at truck rendezvous location (customer 17), Traveling 
4, UAV, UAV is stationary without a parcel, 12172.977252, 17, 12202.977252, 17, Recovered by truck at customer 17, UAV Recovery 
4, UAV, UAV is stationary with a parcel, 12352.977252, 17, 12412.977252, 17, Prepare to launch from truck, UAV Launch 
4, UAV, UAV taking off or landing with a parcel, 12412.977252, 17, 12416.672875, 17, Takeoff from truck at Customer 17, Traveling 
4, UAV, UAV travels with parcel, 12416.672875, 17, 12482.220736, 60, Fly to UAV customer 60, Traveling 
4, UAV, UAV taking off or landing with a parcel, 12482.220736, 60, 12488.611982, 60, Land at UAV customer 60, Traveling 
4, UAV, UAV is stationary with a parcel, 12488.611982, 60, 12548.611982, 60, Serving UAV customer 60, Making Delivery 
4, UAV, UAV taking off or landing with no parcels, 12548.611982, 60, 12552.307606, 60, Takeoff from UAV customer 60, Traveling 
4, UAV, UAV travels empty, 12552.307606, 60, 12750.528071, 101, Fly to depot, Traveling 
4, UAV, UAV is stationary without a parcel, 12750.528071, 101, 12891.153467, 101, Idle above depot location, Idle 
4, UAV, UAV taking off or landing with no parcels, 12891.153467, 101, 12897.544713, 101, Land at depot, Traveling 
4, UAV, UAV is stationary without a parcel, 12897.544713, 101, 12927.544713, 101, Recovered at depot, UAV Recovery 
5, UAV, UAV is stationary with a parcel, 1426.835265, 21, 1486.835265, 21, Prepare to launch from truck, UAV Launch 
5, UAV, UAV taking off or landing with a parcel, 1486.835265, 21, 1490.530888, 21, Takeoff from truck at Customer 21, Traveling 
5, UAV, UAV travels with parcel, 1490.530888, 21, 1538.525729, 28, Fly to UAV customer 28, Traveling 
5, UAV, UAV taking off or landing with a parcel, 1538.525729, 28, 1544.916975, 28, Land at UAV customer 28, Traveling 
5, UAV, UAV is stationary with a parcel, 1544.916975, 28, 1604.916975, 28, Serving UAV customer 28, Making Delivery 
5, UAV, UAV taking off or landing with no parcels, 1604.916975, 28, 1608.612598, 28, Takeoff from UAV customer 28, Traveling 
5, UAV, UAV travels empty, 1608.612598, 28, 1691.073909, 16, Fly to truck at customer 16, Traveling 
5, UAV, UAV is stationary without a parcel, 1691.073909, 16, 1793.161382, 16, Idle above rendezvous location (customer 16), Idle 
5, UAV, UAV taking off or landing with no parcels, 1793.161382, 16, 1799.552629, 16, Land at truck rendezvous location (customer 16), Traveling 
5, UAV, UAV is stationary without a parcel, 1799.552629, 16, 1829.552629, 16, Recovered by truck at customer 16, UAV Recovery 
5, UAV, UAV is stationary with a parcel, 3936.664450, 79, 3996.664450, 79, Prepare to launch from truck, UAV Launch 
5, UAV, UAV taking off or landing with a parcel, 3996.664450, 79, 4000.360073, 79, Takeoff from truck at Customer 79, Traveling 
5, UAV, UAV travels with parcel, 4000.360073, 79, 4126.649158, 86, Fly to UAV customer 86, Traveling 
5, UAV, UAV taking off or landing with a parcel, 4126.649158, 86, 4133.040404, 86, Land at UAV customer 86, Traveling 
5, UAV, UAV is stationary with a parcel, 4133.040404, 86, 4193.040404, 86, Serving UAV customer 86, Making Delivery 
5, UAV, UAV taking off or landing with no parcels, 4193.040404, 86, 4196.736027, 86, Takeoff from UAV customer 86, Traveling 
5, UAV, UAV travels empty, 4196.736027, 86, 4257.039589, 95, Fly to truck at customer 95, Traveling 
5, UAV, UAV is stationary without a parcel, 4257.039589, 95, 4374.749914, 95, Idle above rendezvous location (customer 95), Idle 
5, UAV, UAV taking off or landing with no parcels, 4374.749914, 95, 4381.141161, 95, Land at truck rendezvous location (customer 95), Traveling 
5, UAV, UAV is stationary without a parcel, 4381.141161, 95, 4411.141161, 95, Recovered by truck at customer 95, UAV Recovery 
5, UAV, UAV is stationary with a parcel, 7159.386809, 6, 7219.386809, 6, Prepare to launch from truck, UAV Launch 
5, UAV, UAV taking off or landing with a parcel, 7219.386809, 6, 7223.082432, 6, Takeoff from truck at Customer 6, Traveling 
5, UAV, UAV travels with parcel, 7223.082432, 6, 7266.953691, 7, Fly to UAV customer 7, Traveling 
5, UAV, UAV taking off or landing with a parcel, 7266.953691, 7, 7273.344937, 7, Land at UAV customer 7, Traveling 
5, UAV, UAV is stationary with a parcel, 7273.344937, 7, 7333.344937, 7, Serving UAV customer 7, Making Delivery 
5, UAV, UAV taking off or landing with no parcels, 7333.344937, 7, 7337.040561, 7, Takeoff from UAV customer 7, Traveling 
5, UAV, UAV travels empty, 7337.040561, 7, 7381.919907, 74, Fly to truck at customer 74, Traveling 
5, UAV, UAV is stationary without a parcel, 7381.919907, 74, 7692.581693, 74, Idle above rendezvous location (customer 74), Idle 
5, UAV, UAV taking off or landing with no parcels, 7692.581693, 74, 7698.972940, 74, Land at truck rendezvous location (customer 74), Traveling 
5, UAV, UAV is stationary without a parcel, 7698.972940, 74, 7728.972940, 74, Recovered by truck at customer 74, UAV Recovery 
5, UAV, UAV is stationary with a parcel, 8216.762290, 25, 8276.762290, 25, Prepare to launch from truck, UAV Launch 
5, UAV, UAV taking off or landing with a parcel, 8276.762290, 25, 8280.457913, 25, Takeoff from truck at Customer 25, Traveling 
5, UAV, UAV travels with parcel, 8280.457913, 25, 8461.574273, 62, Fly to UAV customer 62, Traveling 
5, UAV, UAV taking off or landing with a parcel, 8461.574273, 62, 8467.965520, 62, Land at UAV customer 62, Traveling 
5, UAV, UAV is stationary with a parcel, 8467.965520, 62, 8527.965520, 62, Serving UAV customer 62, Making Delivery 
5, UAV, UAV taking off or landing with no parcels, 8527.965520, 62, 8531.661143, 62, Takeoff from UAV customer 62, Traveling 
5, UAV, UAV travels empty, 8531.661143, 62, 8644.965826, 90, Fly to truck at customer 90, Traveling 
5, UAV, UAV is stationary without a parcel, 8644.965826, 90, 8773.311543, 90, Idle above rendezvous location (customer 90), Idle 
5, UAV, UAV taking off or landing with no parcels, 8773.311543, 90, 8779.702790, 90, Land at truck rendezvous location (customer 90), Traveling 
5, UAV, UAV is stationary without a parcel, 8779.702790, 90, 8809.702790, 90, Recovered by truck at customer 90, UAV Recovery 
5, UAV, UAV is stationary with a parcel, 9185.637284, 35, 9245.637284, 35, Prepare to launch from truck, UAV Launch 
5, UAV, UAV taking off or landing with a parcel, 9245.637284, 35, 9249.332907, 35, Takeoff from truck at Customer 35, Traveling 
5, UAV, UAV travels with parcel, 9249.332907, 35, 9345.918642, 43, Fly to UAV customer 43, Traveling 
5, UAV, UAV taking off or landing with a parcel, 9345.918642, 43, 9352.309889, 43, Land at UAV customer 43, Traveling 
5, UAV, UAV is stationary with a parcel, 9352.309889, 43, 9412.309889, 43, Serving UAV customer 43, Making Delivery 
5, UAV, UAV taking off or landing with no parcels, 9412.309889, 43, 9416.005512, 43, Takeoff from UAV customer 43, Traveling 
5, UAV, UAV travels empty, 9416.005512, 43, 9482.962755, 93, Fly to truck at customer 93, Traveling 
5, UAV, UAV is stationary without a parcel, 9482.962755, 93, 9627.348402, 93, Idle above rendezvous location (customer 93), Idle 
5, UAV, UAV taking off or landing with no parcels, 9627.348402, 93, 9633.739648, 93, Land at truck rendezvous location (customer 93), Traveling 
5, UAV, UAV is stationary without a parcel, 9633.739648, 93, 9663.739648, 93, Recovered by truck at customer 93, UAV Recovery 
5, UAV, UAV is stationary with a parcel, 9720.797331, 22, 9780.797331, 22, Prepare to launch from truck, UAV Launch 
5, UAV, UAV taking off or landing with a parcel, 9780.797331, 22, 9784.492954, 22, Takeoff from truck at Customer 22, Traveling 
5, UAV, UAV travels with parcel, 9784.492954, 22, 9894.529442, 92, Fly to UAV customer 92, Traveling 
5, UAV, UAV taking off or landing with a parcel, 9894.529442, 92, 9900.920688, 92, Land at UAV customer 92, Traveling 
5, UAV, UAV is stationary with a parcel, 9900.920688, 92, 9960.920688, 92, Serving UAV customer 92, Making Delivery 
5, UAV, UAV taking off or landing with no parcels, 9960.920688, 92, 9964.616312, 92, Takeoff from UAV customer 92, Traveling 
5, UAV, UAV travels empty, 9964.616312, 92, 10110.035044, 61, Fly to truck at customer 61, Traveling 
5, UAV, UAV is stationary without a parcel, 10110.035044, 61, 10197.359801, 61, Idle above rendezvous location (customer 61), Idle 
5, UAV, UAV taking off or landing with no parcels, 10197.359801, 61, 10203.751047, 61, Land at truck rendezvous location (customer 61), Traveling 
5, UAV, UAV is stationary without a parcel, 10203.751047, 61, 10233.751047, 61, Recovered by truck at customer 61, UAV Recovery 
5, UAV, UAV is stationary with a parcel, 10233.751047, 61, 10293.751047, 61, Prepare to launch from truck, UAV Launch 
5, UAV, UAV taking off or landing with a parcel, 10293.751047, 61, 10297.446670, 61, Takeoff from truck at Customer 61, Traveling 
5, UAV, UAV travels with parcel, 10297.446670, 61, 10370.099388, 63, Fly to UAV customer 63, Traveling 
5, UAV, UAV taking off or landing with a parcel, 10370.099388, 63, 10376.490635, 63, Land at UAV customer 63, Traveling 
5, UAV, UAV is stationary with a parcel, 10376.490635, 63, 10436.490635, 63, Serving UAV customer 63, Making Delivery 
5, UAV, UAV taking off or landing with no parcels, 10436.490635, 63, 10440.186258, 63, Takeoff from UAV customer 63, Traveling 
5, UAV, UAV travels empty, 10440.186258, 63, 10529.527329, 27, Fly to truck at customer 27, Traveling 
5, UAV, UAV is stationary without a parcel, 10529.527329, 27, 10723.814332, 27, Idle above rendezvous location (customer 27), Idle 
5, UAV, UAV taking off or landing with no parcels, 10723.814332, 27, 10730.205578, 27, Land at truck rendezvous location (customer 27), Traveling 
5, UAV, UAV is stationary without a parcel, 10730.205578, 27, 10760.205578, 27, Recovered by truck at customer 27, UAV Recovery 
5, UAV, UAV is stationary with a parcel, 10850.205578, 27, 10910.205578, 27, Prepare to launch from truck, UAV Launch 
5, UAV, UAV taking off or landing with a parcel, 10910.205578, 27, 10913.901201, 27, Takeoff from truck at Customer 27, Traveling 
5, UAV, UAV travels with parcel, 10913.901201, 27, 10982.040543, 9, Fly to UAV customer 9, Traveling 
5, UAV, UAV taking off or landing with a parcel, 10982.040543, 9, 10988.431790, 9, Land at UAV customer 9, Traveling 
5, UAV, UAV is stationary with a parcel, 10988.431790, 9, 11048.431790, 9, Serving UAV customer 9, Making Delivery 
5, UAV, UAV taking off or landing with no parcels, 11048.431790, 9, 11052.127413, 9, Takeoff from UAV customer 9, Traveling 
5, UAV, UAV travels empty, 11052.127413, 9, 11196.546805, 65, Fly to truck at customer 65, Traveling 
5, UAV, UAV is stationary without a parcel, 11196.546805, 65, 11469.064496, 65, Idle above rendezvous location (customer 65), Idle 
5, UAV, UAV taking off or landing with no parcels, 11469.064496, 65, 11475.455742, 65, Land at truck rendezvous location (customer 65), Traveling 
5, UAV, UAV is stationary without a parcel, 11475.455742, 65, 11505.455742, 65, Recovered by truck at customer 65, UAV Recovery 
5, UAV, UAV is stationary with a parcel, 11908.932047, 11, 11968.932047, 11, Prepare to launch from truck, UAV Launch 
5, UAV, UAV taking off or landing with a parcel, 11968.932047, 11, 11972.627671, 11, Takeoff from truck at Customer 11, Traveling 
5, UAV, UAV travels with parcel, 11972.627671, 11, 12022.916558, 26, Fly to UAV customer 26, Traveling 
5, UAV, UAV taking off or landing with a parcel, 12022.916558, 26, 12029.307805, 26, Land at UAV customer 26, Traveling 
5, UAV, UAV is stationary with a parcel, 12029.307805, 26, 12089.307805, 26, Serving UAV customer 26, Making Delivery 
5, UAV, UAV taking off or landing with no parcels, 12089.307805, 26, 12093.003428, 26, Takeoff from UAV customer 26, Traveling 
5, UAV, UAV travels empty, 12093.003428, 26, 12136.586006, 17, Fly to truck at customer 17, Traveling 
5, UAV, UAV taking off or landing with no parcels, 12136.586006, 17, 12142.977252, 17, Land at truck rendezvous location (customer 17), Traveling 
5, UAV, UAV is stationary without a parcel, 12142.977252, 17, 12172.977252, 17, Recovered by truck at customer 17, UAV Recovery 
5, UAV, UAV is stationary with a parcel, 12202.977252, 17, 12262.977252, 17, Prepare to launch from truck, UAV Launch 
5, UAV, UAV taking off or landing with a parcel, 12262.977252, 17, 12266.672875, 17, Takeoff from truck at Customer 17, Traveling 
5, UAV, UAV travels with parcel, 12266.672875, 17, 12448.961321, 70, Fly to UAV customer 70, Traveling 
5, UAV, UAV taking off or landing with a parcel, 12448.961321, 70, 12455.352568, 70, Land at UAV customer 70, Traveling 
5, UAV, UAV is stationary with a parcel, 12455.352568, 70, 12515.352568, 70, Serving UAV customer 70, Making Delivery 
5, UAV, UAV taking off or landing with no parcels, 12515.352568, 70, 12519.048191, 70, Takeoff from UAV customer 70, Traveling 
5, UAV, UAV travels empty, 12519.048191, 70, 12597.144727, 101, Fly to depot, Traveling 
5, UAV, UAV is stationary without a parcel, 12597.144727, 101, 12921.153467, 101, Idle above depot location, Idle 
5, UAV, UAV taking off or landing with no parcels, 12921.153467, 101, 12927.544713, 101, Land at depot, Traveling 
5, UAV, UAV is stationary without a parcel, 12927.544713, 101, 12957.544713, 101, Recovered at depot, UAV Recovery 
